[[7.00000000e+02 5.21000000e+02 8.10042024e-01 0.00000000e+00]
 [7.03000000e+02 5.94000000e+02 9.26603913e-01 1.00000000e+00]
 [6.14000000e+02 5.92000000e+02 9.06834960e-01 2.00000000e+00]
 [5.60000000e+02 7.09000000e+02 8.81435931e-01 3.00000000e+00]
 [6.37000000e+02 6.05000000e+02 5.64786375e-01 4.00000000e+00]
 [7.89000000e+02 5.92000000e+02 8.91456604e-01 5.00000000e+00]
 [8.49000000e+02 7.01000000e+02 9.16542649e-01 6.00000000e+00]
 [8.34000000e+02 8.24000000e+02 8.36214066e-01 7.00000000e+00]
 [6.28000000e+02 8.45000000e+02 9.40001726e-01 8.00000000e+00]
 [5.74000000e+02 1.01800000e+03 8.72457027e-01 9.00000000e+00]
 [5.34000000e+02 1.20300000e+03 8.78804326e-01 1.00000000e+01]
 [7.56000000e+02 8.41000000e+02 8.38904142e-01 1.10000000e+01]
 [8.44000000e+02 9.72000000e+02 8.13639820e-01 1.20000000e+01]
 [8.96000000e+02 1.15800000e+03 8.70395958e-01 1.30000000e+01]
 [6.90000000e+02 5.01000000e+02 7.60655224e-01 1.40000000e+01]
 [7.14000000e+02 5.04000000e+02 8.08364391e-01 1.50000000e+01]
 [6.59000000e+02 4.94000000e+02 5.55159986e-01 1.60000000e+01]
 [7.39000000e+02 4.92000000e+02 6.50694549e-01 1.70000000e+01]]