[[3.77000000e+02 4.65000000e+02 2.29747919e-03 0.00000000e+00]
 [6.52000000e+02 5.01000000e+02 9.14466143e-01 1.00000000e+00]
 [9.50000000e+02 5.42000000e+02 1.27203332e-03 2.00000000e+00]
 [9.64000000e+02 6.86000000e+02 1.08143874e-03 3.00000000e+00]
 [9.63000000e+02 6.87000000e+02 1.08132826e-03 4.00000000e+00]
 [4.29000000e+02 7.46000000e+02 1.02551235e-03 5.00000000e+00]
 [5.58000000e+02 1.04700000e+03 1.40877685e-03 6.00000000e+00]
 [7.87000000e+02 1.08100000e+03 1.55279518e-03 7.00000000e+00]
 [4.43000000e+02 1.20900000e+03 1.69985637e-03 8.00000000e+00]
 [6.18000000e+02 2.97000000e+02 2.08029943e-03 9.00000000e+00]
 [6.26000000e+02 5.64000000e+02 9.50955868e-01 1.00000000e+01]
 [8.60000000e+02 5.71000000e+02 4.95480886e-03 1.10000000e+01]
 [3.81000000e+02 5.75000000e+02 2.51477258e-03 1.20000000e+01]
 [3.92000000e+02 7.00000000e+02 1.37894193e-03 1.30000000e+01]
 [6.35000000e+02 7.74000000e+02 1.46588990e-02 1.40000000e+01]
 [7.82000000e+02 8.71000000e+02 1.01659412e-03 1.50000000e+01]
 [6.13000000e+02 8.75000000e+02 3.11521627e-03 1.60000000e+01]
 [5.39000000e+02 9.50000000e+02 3.01646302e-03 1.70000000e+01]
 [7.60000000e+02 9.56000000e+02 1.10222166e-03 1.80000000e+01]
 [7.84000000e+02 1.40000000e+01 1.52503361e-03 1.90000000e+01]
 [6.02000000e+02 2.96000000e+02 2.34469888e-03 2.00000000e+01]
 [5.93000000e+02 2.97000000e+02 2.32207845e-03 2.10000000e+01]
 [5.73000000e+02 2.98000000e+02 2.32640514e-03 2.20000000e+01]
 [4.83000000e+02 3.01000000e+02 2.86436290e-03 2.30000000e+01]
 [3.02000000e+02 5.41000000e+02 3.83102894e-03 2.40000000e+01]
 [5.43000000e+02 5.59000000e+02 9.78352368e-01 2.50000000e+01]
 [7.78000000e+02 5.63000000e+02 1.70856193e-02 2.60000000e+01]
 [8.63000000e+02 6.03000000e+02 4.00561327e-03 2.70000000e+01]
 [6.34000000e+02 8.69000000e+02 1.12656376e-03 2.80000000e+01]
 [6.32000000e+02 8.70000000e+02 1.12744898e-03 2.90000000e+01]
 [7.76000000e+02 9.69000000e+02 2.57234089e-03 3.00000000e+01]
 [5.31000000e+02 9.76000000e+02 2.32155644e-03 3.10000000e+01]
 [6.21000000e+02 3.83000000e+02 1.70813862e-03 3.20000000e+01]
 [8.67000000e+02 6.26000000e+02 5.21243457e-03 3.30000000e+01]
 [5.89000000e+02 6.67000000e+02 8.57989311e-01 3.40000000e+01]
 [2.94000000e+02 6.95000000e+02 1.63236901e-03 3.50000000e+01]
 [7.89000000e+02 9.60000000e+02 2.03547277e-03 3.60000000e+01]
 [4.57000000e+02 1.04400000e+03 1.33688934e-03 3.70000000e+01]
 [7.99000000e+02 1.23300000e+03 1.20699510e-03 3.80000000e+01]
 [1.40000000e+01 1.40000000e+01 1.60840433e-03 3.90000000e+01]
 [6.98000000e+02 3.02000000e+02 1.24613591e-03 4.00000000e+01]
 [4.29000000e+02 3.46000000e+02 1.10424182e-03 4.10000000e+01]
 [8.95000000e+02 3.54000000e+02 1.01677794e-03 4.20000000e+01]
 [6.66000000e+02 5.83000000e+02 7.56235540e-01 4.30000000e+01]
 [3.79000000e+02 7.10000000e+02 3.83866439e-03 4.40000000e+01]
 [3.80000000e+02 7.11000000e+02 3.83756612e-03 4.50000000e+01]
 [6.12000000e+02 8.55000000e+02 3.96345146e-02 4.60000000e+01]
 [5.14000000e+02 1.01800000e+03 2.88332510e-03 4.70000000e+01]
 [5.15000000e+02 1.01900000e+03 2.88451812e-03 4.80000000e+01]
 [5.16000000e+02 1.02000000e+03 2.88696727e-03 4.90000000e+01]
 [7.91000000e+02 1.12800000e+03 2.92718830e-03 5.00000000e+01]
 [6.22000000e+02 1.13600000e+03 3.90850566e-03 5.10000000e+01]
 [3.42000000e+02 1.21700000e+03 1.55187584e-03 5.20000000e+01]
 [3.21000000e+02 1.23800000e+03 1.52129540e-03 5.30000000e+01]
 [3.20000000e+02 1.24000000e+03 1.52148679e-03 5.40000000e+01]
 [7.87000000e+02 1.27300000e+03 1.11558952e-03 5.50000000e+01]
 [2.99000000e+02 1.27700000e+03 1.59840612e-03 5.60000000e+01]
 [2.98000000e+02 1.27800000e+03 1.59787037e-03 5.70000000e+01]
 [3.32000000e+02 1.34500000e+03 1.19992695e-03 5.80000000e+01]
 [5.18000000e+02 1.36800000e+03 1.60643377e-03 5.90000000e+01]
 [4.05000000e+02 1.37700000e+03 1.59790379e-03 6.00000000e+01]
 [7.84000000e+02 1.40000000e+01 1.55080832e-03 6.10000000e+01]
 [6.29000000e+02 2.99000000e+02 2.14621960e-03 6.20000000e+01]
 [7.76000000e+02 3.01000000e+02 1.69313268e-03 6.30000000e+01]
 [9.34000000e+02 5.38000000e+02 8.13337602e-03 6.40000000e+01]
 [7.13000000e+02 5.72000000e+02 9.32128847e-01 6.50000000e+01]
 [4.67000000e+02 6.09000000e+02 9.13168583e-03 6.60000000e+01]
 [3.81000000e+02 6.40000000e+02 1.17595831e-03 6.70000000e+01]
 [7.92000000e+02 8.67000000e+02 4.04129270e-03 6.80000000e+01]
 [7.85000000e+02 9.53000000e+02 2.15666485e-03 6.90000000e+01]
 [5.38000000e+02 1.02300000e+03 2.77686305e-03 7.00000000e+01]
 [6.25000000e+02 1.19400000e+03 1.27560983e-03 7.10000000e+01]
 [1.40000000e+01 1.40000000e+01 1.04391261e-03 7.20000000e+01]
 [3.71000000e+02 5.02000000e+02 4.33655223e-03 7.30000000e+01]
 [7.20000000e+02 7.08000000e+02 7.07104206e-01 7.40000000e+01]
 [6.22000000e+02 1.04600000e+03 2.00882554e-03 7.50000000e+01]
 [9.60000000e+02 1.12600000e+03 1.03396713e-03 7.60000000e+01]
 [6.25000000e+02 1.20800000e+03 1.83451979e-03 7.70000000e+01]
 [4.56000000e+02 1.21300000e+03 1.24214834e-03 7.80000000e+01]
 [8.84000000e+02 1.21700000e+03 1.05747569e-03 7.90000000e+01]
 [1.40000000e+01 1.40000000e+01 1.81554095e-03 8.00000000e+01]
 [3.71000000e+02 4.78000000e+02 1.20109855e-03 8.10000000e+01]
 [1.07900000e+03 7.40000000e+02 1.82729680e-03 8.20000000e+01]
 [1.03400000e+03 7.50000000e+02 2.49573635e-03 8.30000000e+01]
 [7.27000000e+02 7.84000000e+02 5.08917212e-01 8.40000000e+01]
 [9.35000000e+02 8.35000000e+02 1.55793848e-02 8.50000000e+01]
 [4.60000000e+02 8.65000000e+02 3.21613019e-03 8.60000000e+01]
 [9.58000000e+02 1.09600000e+03 4.40504123e-03 8.70000000e+01]
 [6.23000000e+02 1.12400000e+03 6.41092425e-03 8.80000000e+01]
 [9.58000000e+02 1.26000000e+03 1.93884736e-03 8.90000000e+01]
 [1.40000000e+01 1.40000000e+01 1.47098710e-03 9.00000000e+01]
 [1.06500000e+03 1.40000000e+01 1.33424508e-03 9.10000000e+01]
 [6.57000000e+02 3.80000000e+02 1.27273344e-03 9.20000000e+01]
 [6.59000000e+02 3.81000000e+02 1.27247314e-03 9.30000000e+01]
 [7.13000000e+02 5.39000000e+02 4.76523861e-03 9.40000000e+01]
 [7.12000000e+02 5.40000000e+02 4.76666214e-03 9.50000000e+01]
 [7.90000000e+02 6.15000000e+02 2.58778175e-03 9.60000000e+01]
 [7.89000000e+02 6.16000000e+02 2.58703041e-03 9.70000000e+01]
 [3.00000000e+02 8.23000000e+02 2.44537927e-03 9.80000000e+01]
 [5.50000000e+02 8.37000000e+02 9.64586198e-01 9.90000000e+01]
 [7.71000000e+02 8.43000000e+02 1.65139586e-02 1.00000000e+02]
 [7.72000000e+02 8.45000000e+02 1.64978653e-02 1.01000000e+02]
 [1.06500000e+03 8.79000000e+02 1.20559626e-03 1.02000000e+02]
 [9.53000000e+02 1.40000000e+01 1.08724856e-03 1.03000000e+02]
 [6.71000000e+02 3.68000000e+02 1.34976348e-03 1.04000000e+02]
 [6.30000000e+02 6.18000000e+02 1.12454053e-02 1.05000000e+02]
 [3.86000000e+02 7.12000000e+02 3.57601838e-03 1.06000000e+02]
 [9.56000000e+02 8.96000000e+02 2.68595852e-03 1.07000000e+02]
 [5.12000000e+02 1.03200000e+03 8.60144377e-01 1.08000000e+02]
 [5.31000000e+02 1.28000000e+03 5.46483416e-03 1.09000000e+02]
 [7.16000000e+02 1.30400000e+03 1.09105930e-03 1.10000000e+02]
 [4.48000000e+02 1.37900000e+03 1.04072609e-03 1.11000000e+02]
 [7.79000000e+02 5.39000000e+02 8.61593150e-03 1.12000000e+02]
 [4.46000000e+02 7.97000000e+02 2.46477639e-03 1.13000000e+02]
 [6.82000000e+02 8.02000000e+02 6.14914019e-03 1.14000000e+02]
 [6.61000000e+02 8.23000000e+02 6.08320301e-03 1.15000000e+02]
 [6.60000000e+02 8.24000000e+02 6.08190149e-03 1.16000000e+02]
 [6.33000000e+02 8.63000000e+02 6.31047785e-03 1.17000000e+02]
 [6.32000000e+02 8.64000000e+02 6.31239265e-03 1.18000000e+02]
 [3.85000000e+02 8.79000000e+02 2.93047540e-03 1.19000000e+02]
 [6.87000000e+02 1.07500000e+03 2.34507844e-02 1.20000000e+02]
 [9.58000000e+02 1.12700000e+03 2.36218260e-03 1.21000000e+02]
 [7.81000000e+02 1.13900000e+03 1.64416730e-02 1.22000000e+02]
 [6.82000000e+02 1.18900000e+03 2.80135646e-02 1.23000000e+02]
 [6.83000000e+02 1.19000000e+03 2.80459262e-02 1.24000000e+02]
 [4.62000000e+02 1.20100000e+03 8.53338957e-01 1.25000000e+02]
 [4.21000000e+02 1.44200000e+03 6.92951726e-03 1.26000000e+02]
 [5.02000000e+02 1.44200000e+03 7.20335962e-03 1.27000000e+02]
 [4.29000000e+02 1.44300000e+03 6.93520484e-03 1.28000000e+02]
 [4.99000000e+02 1.44300000e+03 7.20490934e-03 1.29000000e+02]
 [1.40000000e+01 1.40000000e+01 1.77808676e-03 1.30000000e+02]
 [7.09000000e+02 5.44000000e+02 9.55949165e-03 1.31000000e+02]
 [5.43000000e+02 5.48000000e+02 4.17663483e-03 1.32000000e+02]
 [8.93000000e+02 6.05000000e+02 1.18537876e-03 1.33000000e+02]
 [3.74000000e+02 7.09000000e+02 2.36675446e-03 1.34000000e+02]
 [6.84000000e+02 8.40000000e+02 9.03950870e-01 1.35000000e+02]
 [9.47000000e+02 8.53000000e+02 1.78852282e-03 1.36000000e+02]
 [8.94000000e+02 1.06600000e+03 1.22194912e-03 1.37000000e+02]
 [5.99000000e+02 1.12000000e+03 3.73563031e-03 1.38000000e+02]
 [6.21000000e+02 1.20300000e+03 1.47374521e-03 1.39000000e+02]
 [8.60000000e+02 1.23800000e+03 1.87313196e-03 1.40000000e+02]
 [1.40000000e+01 1.40000000e+01 1.50793814e-03 1.41000000e+02]
 [5.73000000e+02 5.38000000e+02 6.12432137e-03 1.42000000e+02]
 [6.86000000e+02 5.53000000e+02 6.75035454e-03 1.43000000e+02]
 [6.23000000e+02 7.13000000e+02 4.99936566e-03 1.44000000e+02]
 [7.68000000e+02 1.00800000e+03 8.98674667e-01 1.45000000e+02]
 [1.02900000e+03 1.02700000e+03 2.06325715e-03 1.46000000e+02]
 [7.81000000e+02 1.28500000e+03 3.58175975e-03 1.47000000e+02]
 [9.56000000e+02 1.33500000e+03 2.70866626e-03 1.48000000e+02]
 [1.40000000e+01 1.40000000e+01 1.10866164e-03 1.49000000e+02]
 [7.06000000e+02 3.75000000e+02 2.41107633e-03 1.50000000e+02]
 [6.29000000e+02 5.55000000e+02 8.21151678e-03 1.51000000e+02]
 [4.75000000e+02 7.27000000e+02 1.29971816e-03 1.52000000e+02]
 [8.45000000e+02 7.95000000e+02 4.79420321e-03 1.53000000e+02]
 [7.09000000e+02 8.13000000e+02 8.12107325e-03 1.54000000e+02]
 [5.53000000e+02 1.12400000e+03 2.71533779e-03 1.55000000e+02]
 [7.92000000e+02 1.18500000e+03 7.59288132e-01 1.56000000e+02]
 [5.50000000e+02 1.26800000e+03 1.68012048e-03 1.57000000e+02]
 [5.51000000e+02 1.27200000e+03 1.65811426e-03 1.58000000e+02]
 [6.37000000e+02 2.18000000e+02 1.92037621e-03 1.59000000e+02]
 [8.51000000e+02 4.57000000e+02 1.46151427e-02 1.60000000e+02]
 [3.84000000e+02 4.65000000e+02 3.53868282e-03 1.61000000e+02]
 [6.33000000e+02 4.73000000e+02 9.50471163e-01 1.62000000e+02]
 [4.51000000e+02 8.13000000e+02 1.05224259e-03 1.63000000e+02]
 [4.56000000e+02 1.21000000e+03 1.19693298e-02 1.64000000e+02]
 [7.89000000e+02 1.21000000e+03 1.98931945e-03 1.65000000e+02]
 [6.86000000e+02 2.19000000e+02 2.54140818e-03 1.66000000e+02]
 [6.77000000e+02 4.79000000e+02 9.47011530e-01 1.67000000e+02]
 [6.34000000e+02 7.99000000e+02 1.60362257e-03 1.68000000e+02]
 [7.25000000e+02 8.74000000e+02 1.95477391e-03 1.69000000e+02]
 [4.46000000e+02 9.44000000e+02 1.49181020e-03 1.70000000e+02]
 [6.22000000e+02 2.18000000e+02 1.81992375e-03 1.71000000e+02]
 [8.70000000e+02 3.99000000e+02 2.12489534e-03 1.72000000e+02]
 [5.94000000e+02 4.69000000e+02 8.00651193e-01 1.73000000e+02]
 [9.60000000e+02 6.95000000e+02 1.01622986e-03 1.74000000e+02]
 [5.48000000e+02 9.60000000e+02 1.09880371e-03 1.75000000e+02]
 [7.08000000e+02 9.64000000e+02 2.41690874e-03 1.76000000e+02]
 [7.93000000e+02 1.12300000e+03 2.39846343e-03 1.77000000e+02]
 [5.40000000e+02 1.21000000e+03 4.20024805e-03 1.78000000e+02]
 [3.75000000e+02 4.50000000e+02 1.21970940e-03 1.79000000e+02]
 [9.43000000e+02 4.53000000e+02 1.39768235e-03 1.80000000e+02]
 [4.67000000e+02 4.67000000e+02 2.34933477e-03 1.81000000e+02]
 [6.97000000e+02 4.67000000e+02 2.99148589e-01 1.82000000e+02]
 [7.16000000e+02 9.63000000e+02 1.62126741e-03 1.83000000e+02]
 [7.93000000e+02 1.11800000e+03 1.67750742e-03 1.84000000e+02]]