[[1.40000000e+01 2.31000000e+02 1.05732935e-03 0.00000000e+00]
 [7.64000000e+02 3.08000000e+02 1.11331707e-02 1.00000000e+00]
 [1.03100000e+03 4.68000000e+02 1.77054876e-03 2.00000000e+00]
 [4.60000000e+02 4.73000000e+02 1.39827200e-03 3.00000000e+00]
 [7.48000000e+02 5.32000000e+02 7.76605725e-01 4.00000000e+00]
 [3.75000000e+02 5.42000000e+02 1.69327494e-03 5.00000000e+00]
 [9.79000000e+02 7.34000000e+02 1.30946096e-03 6.00000000e+00]
 [5.16000000e+02 7.36000000e+02 1.16938842e-03 7.00000000e+00]
 [4.35000000e+02 9.58000000e+02 1.00962154e-03 8.00000000e+00]
 [5.50000000e+02 1.04600000e+03 2.38204375e-03 9.00000000e+00]
 [7.89000000e+02 1.06400000e+03 1.79587386e-03 1.00000000e+01]
 [6.82000000e+02 5.82000000e+02 8.62792015e-01 1.10000000e+01]
 [6.32000000e+02 8.76000000e+02 3.42673622e-03 1.20000000e+01]
 [5.40000000e+02 9.53000000e+02 2.93416763e-03 1.30000000e+01]
 [7.88000000e+02 9.55000000e+02 2.11057649e-03 1.40000000e+01]
 [7.27000000e+02 2.99000000e+02 1.22072303e-03 1.50000000e+01]
 [7.35000000e+02 3.00000000e+02 1.21924141e-03 1.60000000e+01]
 [7.42000000e+02 3.01000000e+02 1.21269817e-03 1.70000000e+01]
 [7.69000000e+02 3.05000000e+02 1.16229814e-03 1.80000000e+01]
 [9.54000000e+02 4.69000000e+02 1.04123924e-03 1.90000000e+01]
 [3.87000000e+02 5.43000000e+02 4.96970071e-03 2.00000000e+01]
 [8.54000000e+02 5.73000000e+02 1.64257362e-02 2.10000000e+01]
 [6.25000000e+02 5.74000000e+02 9.17839587e-01 2.20000000e+01]
 [9.49000000e+02 6.24000000e+02 3.28760035e-03 2.30000000e+01]
 [5.39000000e+02 9.59000000e+02 2.02995003e-03 2.40000000e+01]
 [7.95000000e+02 9.59000000e+02 3.15108872e-03 2.50000000e+01]
 [7.04000000e+02 1.05500000e+03 1.26960408e-03 2.60000000e+01]
 [1.06500000e+03 3.74000000e+02 1.74061127e-03 2.70000000e+01]
 [7.25000000e+02 3.86000000e+02 3.34745832e-03 2.80000000e+01]
 [3.75000000e+02 5.39000000e+02 1.75716635e-03 2.90000000e+01]
 [9.48000000e+02 5.54000000e+02 1.28839156e-02 3.00000000e+01]
 [1.06500000e+03 6.21000000e+02 1.42079219e-02 3.10000000e+01]
 [6.87000000e+02 6.69000000e+02 8.92718732e-01 3.20000000e+01]
 [9.45000000e+02 6.90000000e+02 1.17297564e-02 3.30000000e+01]
 [3.82000000e+02 8.74000000e+02 1.29475584e-03 3.40000000e+01]
 [7.97000000e+02 9.59000000e+02 2.56220507e-03 3.50000000e+01]
 [3.73000000e+02 1.21200000e+03 1.12508610e-03 3.60000000e+01]
 [7.58000000e+02 3.07000000e+02 4.58981097e-03 3.70000000e+01]
 [5.17000000e+02 3.53000000e+02 1.11475016e-03 3.80000000e+01]
 [1.02200000e+03 5.48000000e+02 5.84605383e-03 3.90000000e+01]
 [7.76000000e+02 5.57000000e+02 8.50682497e-01 4.00000000e+01]
 [6.51000000e+02 8.46000000e+02 3.34606953e-02 4.10000000e+01]
 [6.27000000e+02 1.13800000e+03 2.76665436e-03 4.20000000e+01]
 [7.90000000e+02 1.15700000e+03 3.03897448e-03 4.30000000e+01]
 [3.49000000e+02 1.20500000e+03 1.42567442e-03 4.40000000e+01]
 [5.35000000e+02 1.36900000e+03 2.33205198e-03 4.50000000e+01]
 [3.94000000e+02 1.37800000e+03 1.47934025e-03 4.60000000e+01]
 [4.68000000e+02 4.53000000e+02 3.31730931e-03 4.70000000e+01]
 [3.73000000e+02 5.40000000e+02 1.30535313e-03 4.80000000e+01]
 [7.41000000e+02 5.88000000e+02 7.93885291e-01 4.90000000e+01]
 [4.62000000e+02 6.71000000e+02 2.59128795e-03 5.00000000e+01]
 [5.39000000e+02 9.60000000e+02 1.49559532e-03 5.10000000e+01]
 [7.92000000e+02 9.60000000e+02 2.82059307e-03 5.20000000e+01]
 [6.28000000e+02 1.20000000e+03 1.24872185e-03 5.30000000e+01]
 [1.07900000e+03 5.52000000e+02 2.39735795e-03 5.40000000e+01]
 [4.61000000e+02 5.80000000e+02 3.35462252e-03 5.50000000e+01]
 [7.59000000e+02 7.20000000e+02 6.14324212e-01 5.60000000e+01]
 [1.03200000e+03 7.85000000e+02 1.20012881e-03 5.70000000e+01]
 [6.29000000e+02 1.04700000e+03 2.40264088e-03 5.80000000e+01]
 [6.24000000e+02 1.20300000e+03 1.05836429e-03 5.90000000e+01]
 [8.80000000e+02 1.21800000e+03 1.02609256e-03 6.00000000e+01]
 [1.02800000e+03 6.17000000e+02 2.58187857e-03 6.10000000e+01]
 [1.03400000e+03 7.91000000e+02 3.15168942e-03 6.20000000e+01]
 [7.76000000e+02 7.94000000e+02 5.65439403e-01 6.30000000e+01]
 [1.07900000e+03 7.96000000e+02 1.25998014e-03 6.40000000e+01]
 [9.54000000e+02 1.02300000e+03 8.85776710e-03 6.50000000e+01]
 [7.85000000e+02 1.03000000e+03 3.06039583e-03 6.60000000e+01]
 [6.31000000e+02 1.03800000e+03 2.71207443e-03 6.70000000e+01]
 [6.30000000e+02 1.03900000e+03 2.71174661e-03 6.80000000e+01]
 [6.13000000e+02 1.06400000e+03 2.68609985e-03 6.90000000e+01]
 [6.22000000e+02 1.09200000e+03 2.59413687e-03 7.00000000e+01]
 [6.77000000e+02 1.12600000e+03 3.33087030e-03 7.10000000e+01]
 [7.70000000e+02 6.34000000e+02 8.91490094e-03 7.20000000e+01]
 [8.65000000e+02 7.05000000e+02 3.13442969e-03 7.30000000e+01]
 [5.78000000e+02 8.52000000e+02 9.26192820e-01 7.40000000e+01]
 [6.46000000e+02 1.12400000e+03 1.48840458e-03 7.50000000e+01]
 [6.23000000e+02 1.20800000e+03 1.02041650e-03 7.60000000e+01]
 [7.91000000e+02 3.69000000e+02 1.07459677e-03 7.70000000e+01]
 [7.77000000e+02 5.47000000e+02 7.36853387e-03 7.80000000e+01]
 [1.06500000e+03 5.76000000e+02 1.07923103e-03 7.90000000e+01]
 [1.06500000e+03 6.85000000e+02 1.32553675e-03 8.00000000e+01]
 [4.66000000e+02 7.11000000e+02 3.12496070e-03 8.10000000e+01]
 [7.95000000e+02 8.07000000e+02 3.28606106e-02 8.20000000e+01]
 [1.07900000e+03 9.81000000e+02 1.19736861e-03 8.30000000e+01]
 [7.78000000e+02 1.02900000e+03 6.51023164e-03 8.40000000e+01]
 [5.30000000e+02 1.03800000e+03 8.86450410e-01 8.50000000e+01]
 [7.78000000e+02 1.09700000e+03 6.18665339e-03 8.60000000e+01]
 [4.47000000e+02 1.37700000e+03 1.10242714e-03 8.70000000e+01]
 [7.89000000e+02 5.42000000e+02 4.83522378e-03 8.80000000e+01]
 [7.19000000e+02 7.62000000e+02 7.75552308e-03 8.90000000e+01]
 [4.67000000e+02 7.99000000e+02 1.69473037e-03 9.00000000e+01]
 [9.62000000e+02 8.77000000e+02 1.11203000e-03 9.10000000e+01]
 [3.97000000e+02 8.80000000e+02 2.71568797e-03 9.20000000e+01]
 [6.38000000e+02 8.84000000e+02 3.94332223e-03 9.30000000e+01]
 [7.81000000e+02 1.17800000e+03 3.73646915e-02 9.40000000e+01]
 [4.65000000e+02 1.20100000e+03 8.32035482e-01 9.50000000e+01]
 [2.26000000e+02 1.28400000e+03 2.87982845e-03 9.60000000e+01]
 [2.27000000e+02 1.28700000e+03 2.86334311e-03 9.70000000e+01]
 [2.28000000e+02 1.29100000e+03 2.84406915e-03 9.80000000e+01]
 [2.29000000e+02 1.29300000e+03 2.82557961e-03 9.90000000e+01]
 [2.30000000e+02 1.29500000e+03 2.80744769e-03 1.00000000e+02]
 [5.68000000e+02 5.43000000e+02 1.97976036e-03 1.01000000e+02]
 [7.89000000e+02 5.45000000e+02 7.67088123e-03 1.02000000e+02]
 [3.75000000e+02 7.89000000e+02 3.88961914e-03 1.03000000e+02]
 [4.70000000e+02 8.29000000e+02 9.85484011e-03 1.04000000e+02]
 [9.45000000e+02 8.48000000e+02 3.28329136e-03 1.05000000e+02]
 [6.94000000e+02 8.51000000e+02 9.27639067e-01 1.06000000e+02]
 [8.94000000e+02 1.07100000e+03 1.93992956e-03 1.07000000e+02]
 [6.55000000e+02 1.12100000e+03 3.45787476e-03 1.08000000e+02]
 [6.02000000e+02 1.12200000e+03 3.41703393e-03 1.09000000e+02]
 [6.26000000e+02 1.20300000e+03 1.83539966e-03 1.10000000e+02]
 [8.70000000e+02 1.23800000e+03 2.28970544e-03 1.11000000e+02]
 [1.40000000e+01 1.40000000e+01 1.00407097e-03 1.12000000e+02]
 [6.43000000e+02 5.50000000e+02 5.97158866e-03 1.13000000e+02]
 [5.51000000e+02 6.79000000e+02 1.52994634e-03 1.14000000e+02]
 [5.50000000e+02 6.80000000e+02 1.53016183e-03 1.15000000e+02]
 [1.02300000e+03 1.00000000e+03 7.59676751e-03 1.16000000e+02]
 [1.02200000e+03 1.00200000e+03 7.63585884e-03 1.17000000e+02]
 [7.90000000e+02 1.01100000e+03 8.82314324e-01 1.18000000e+02]
 [8.02000000e+02 1.28600000e+03 1.37747941e-03 1.19000000e+02]
 [9.46000000e+02 1.29100000e+03 2.62020412e-03 1.20000000e+02]
 [9.36000000e+02 1.36700000e+03 2.56668474e-03 1.21000000e+02]
 [8.38000000e+02 1.41100000e+03 2.17178999e-03 1.22000000e+02]
 [7.48000000e+02 3.87000000e+02 3.10124271e-03 1.23000000e+02]
 [9.44000000e+02 4.61000000e+02 1.64585072e-03 1.24000000e+02]
 [7.09000000e+02 5.42000000e+02 5.52211842e-03 1.25000000e+02]
 [5.40000000e+02 5.43000000e+02 1.23821851e-03 1.26000000e+02]
 [9.55000000e+02 6.22000000e+02 1.67016499e-03 1.27000000e+02]
 [5.62000000e+02 6.58000000e+02 1.08729769e-03 1.28000000e+02]
 [5.38000000e+02 7.38000000e+02 1.33755326e-03 1.29000000e+02]
 [7.94000000e+02 7.92000000e+02 6.23631151e-03 1.30000000e+02]
 [5.66000000e+02 8.15000000e+02 1.20347471e-03 1.31000000e+02]
 [6.95000000e+02 8.79000000e+02 7.55491760e-03 1.32000000e+02]
 [8.72000000e+02 8.80000000e+02 5.33274189e-03 1.33000000e+02]
 [5.56000000e+02 1.11400000e+03 7.89370947e-03 1.34000000e+02]
 [8.01000000e+02 1.17400000e+03 6.65603220e-01 1.35000000e+02]
 [5.57000000e+02 1.28600000e+03 1.42990798e-03 1.36000000e+02]
 [1.03000000e+03 4.72000000e+02 1.26073882e-03 1.37000000e+02]
 [7.35000000e+02 5.09000000e+02 7.34760106e-01 1.38000000e+02]
 [9.78000000e+02 7.31000000e+02 1.16109522e-03 1.39000000e+02]
 [5.89000000e+02 1.04300000e+03 1.04244729e-03 1.40000000e+02]
 [4.56000000e+02 1.21000000e+03 1.16058821e-02 1.41000000e+02]
 [8.22000000e+02 1.29700000e+03 1.16077601e-03 1.42000000e+02]
 [7.57000000e+02 5.13000000e+02 4.98775959e-01 1.43000000e+02]
 [5.93000000e+02 7.24000000e+02 2.13300181e-03 1.44000000e+02]
 [5.92000000e+02 7.25000000e+02 2.13519367e-03 1.45000000e+02]
 [5.40000000e+02 7.77000000e+02 1.17227773e-03 1.46000000e+02]
 [7.04000000e+02 8.02000000e+02 1.59022282e-03 1.47000000e+02]
 [7.76000000e+02 8.76000000e+02 1.65811938e-03 1.48000000e+02]
 [4.44000000e+02 9.58000000e+02 1.30397570e-03 1.49000000e+02]
 [5.41000000e+02 1.04300000e+03 1.63811876e-03 1.50000000e+02]
 [1.03700000e+03 4.60000000e+02 1.14270125e-03 1.51000000e+02]
 [6.89000000e+02 4.91000000e+02 7.71063030e-01 1.52000000e+02]
 [9.36000000e+02 5.06000000e+02 7.02287862e-03 1.53000000e+02]
 [3.71000000e+02 5.43000000e+02 1.35588483e-03 1.54000000e+02]
 [7.40000000e+02 9.62000000e+02 2.68846052e-03 1.55000000e+02]
 [7.97000000e+02 1.11700000e+03 1.82671763e-03 1.56000000e+02]
 [7.70000000e+02 5.21000000e+02 2.87338812e-02 1.57000000e+02]
 [7.86000000e+02 7.86000000e+02 1.88335567e-03 1.58000000e+02]
 [7.87000000e+02 7.87000000e+02 1.88463321e-03 1.59000000e+02]
 [7.55000000e+02 9.62000000e+02 1.91323692e-03 1.60000000e+02]
 [7.99000000e+02 1.10500000e+03 1.24995306e-03 1.61000000e+02]]