[[1.47000000e+02 4.69000000e+02 1.00544143e+00 0.00000000e+00]
 [2.55000000e+02 4.80000000e+02 8.58877003e-01 1.00000000e+00]
 [2.29000000e+02 4.96000000e+02 7.03464806e-01 2.00000000e+00]
 [2.56000000e+02 6.00000000e+02 1.60586566e-01 3.00000000e+00]
 [2.18000000e+02 6.15000000e+02 1.51901856e-01 4.00000000e+00]
 [2.19000000e+02 6.16000000e+02 1.51872858e-01 5.00000000e+00]
 [2.92000000e+02 4.73000000e+02 9.20133889e-01 6.00000000e+00]
 [3.14000000e+02 6.08000000e+02 9.84053552e-01 7.00000000e+00]
 [2.13000000e+02 6.28000000e+02 9.14960921e-01 8.00000000e+00]
 [3.29000000e+02 6.64000000e+02 8.67769063e-01 9.00000000e+00]
 [2.57000000e+02 7.73000000e+02 9.46110487e-01 1.00000000e+01]
 [2.46000000e+02 9.35000000e+02 9.30454910e-01 1.10000000e+01]
 [4.25000000e+02 6.52000000e+02 8.76854956e-01 1.20000000e+01]
 [4.69000000e+02 8.10000000e+02 9.21373963e-01 1.30000000e+01]
 [5.34000000e+02 9.46000000e+02 9.38486338e-01 1.40000000e+01]
 [1.37000000e+02 4.59000000e+02 5.05213618e-01 1.50000000e+01]
 [1.54000000e+02 4.42000000e+02 9.38459873e-01 1.60000000e+01]
 [2.03000000e+02 4.15000000e+02 9.18687880e-01 1.70000000e+01]]