[[3.32000000e+02 3.83000000e+02 9.05050457e-01 0.00000000e+00]
 [3.59000000e+02 4.34000000e+02 9.36439633e-01 1.00000000e+00]
 [2.73000000e+02 4.48000000e+02 8.67327690e-01 2.00000000e+00]
 [3.01000000e+02 5.71000000e+02 9.80654299e-01 3.00000000e+00]
 [3.57000000e+02 4.68000000e+02 9.04239416e-01 4.00000000e+00]
 [3.56000000e+02 4.69000000e+02 9.04155433e-01 5.00000000e+00]
 [4.29000000e+02 4.25000000e+02 9.38170552e-01 6.00000000e+00]
 [5.02000000e+02 5.22000000e+02 9.61052299e-01 7.00000000e+00]
 [4.60000000e+02 6.15000000e+02 9.40729856e-01 8.00000000e+00]
 [3.14000000e+02 6.65000000e+02 8.59347403e-01 9.00000000e+00]
 [2.58000000e+02 8.19000000e+02 9.93269205e-01 1.00000000e+01]
 [2.33000000e+02 9.69000000e+02 8.99755001e-01 1.10000000e+01]
 [4.23000000e+02 6.54000000e+02 8.01587641e-01 1.20000000e+01]
 [4.71000000e+02 8.05000000e+02 9.65692401e-01 1.30000000e+01]
 [5.23000000e+02 9.59000000e+02 9.21884239e-01 1.40000000e+01]
 [3.13000000e+02 3.66000000e+02 9.79576528e-01 1.50000000e+01]
 [3.51000000e+02 3.64000000e+02 9.49597538e-01 1.60000000e+01]
 [2.95000000e+02 3.68000000e+02 5.70448816e-01 1.70000000e+01]
 [3.81000000e+02 3.55000000e+02 9.63008165e-01 1.80000000e+01]]