[[7.04000000e+02 4.94000000e+02 7.26947963e-01 0.00000000e+00]
 [6.54000000e+02 5.81000000e+02 9.16215479e-01 1.00000000e+00]
 [5.68000000e+02 5.74000000e+02 8.75106812e-01 2.00000000e+00]
 [5.35000000e+02 6.76000000e+02 8.19996834e-01 3.00000000e+00]
 [6.32000000e+02 5.60000000e+02 7.41040468e-01 4.00000000e+00]
 [7.34000000e+02 5.85000000e+02 8.88042092e-01 5.00000000e+00]
 [7.76000000e+02 7.01000000e+02 8.27702105e-01 6.00000000e+00]
 [7.68000000e+02 7.77000000e+02 7.94203281e-01 7.00000000e+00]
 [5.73000000e+02 8.48000000e+02 9.62680757e-01 8.00000000e+00]
 [5.32000000e+02 1.03100000e+03 9.38475370e-01 9.00000000e+00]
 [4.60000000e+02 1.20900000e+03 8.74463201e-01 1.00000000e+01]
 [7.02000000e+02 8.51000000e+02 9.53369379e-01 1.10000000e+01]
 [7.98000000e+02 1.02300000e+03 8.51801395e-01 1.20000000e+01]
 [8.30000000e+02 1.17700000e+03 5.74098587e-01 1.30000000e+01]
 [6.93000000e+02 4.81000000e+02 7.40154624e-01 1.40000000e+01]
 [7.08000000e+02 4.79000000e+02 6.22034729e-01 1.50000000e+01]
 [6.35000000e+02 4.77000000e+02 6.91336691e-01 1.60000000e+01]]