[[8.27000000e+02 5.31000000e+02 5.87678969e-01 0.00000000e+00]
 [7.42000000e+02 5.65000000e+02 8.83384466e-01 1.00000000e+00]
 [6.97000000e+02 5.62000000e+02 8.86726081e-01 2.00000000e+00]
 [7.99000000e+02 6.26000000e+02 6.51262641e-01 3.00000000e+00]
 [8.79000000e+02 4.98000000e+02 7.63854682e-01 4.00000000e+00]
 [8.02000000e+02 5.72000000e+02 7.03247666e-01 5.00000000e+00]
 [6.48000000e+02 8.46000000e+02 9.36556280e-01 6.00000000e+00]
 [5.82000000e+02 1.03100000e+03 9.13376391e-01 7.00000000e+00]
 [5.19000000e+02 1.21300000e+03 9.25637603e-01 8.00000000e+00]
 [7.67000000e+02 8.44000000e+02 9.08146143e-01 9.00000000e+00]
 [8.63000000e+02 9.89000000e+02 7.93950737e-01 1.00000000e+01]
 [9.14000000e+02 1.16700000e+03 8.40398490e-01 1.10000000e+01]
 [8.12000000e+02 5.08000000e+02 5.39340794e-01 1.20000000e+01]
 [7.77000000e+02 4.77000000e+02 6.77022338e-01 1.30000000e+01]]