[[1.40000000e+01 1.83000000e+02 1.00763247e-03 0.00000000e+00]
 [1.06500000e+03 2.07000000e+02 1.53227989e-03 1.00000000e+00]
 [9.34000000e+02 4.87000000e+02 9.39630531e-03 2.00000000e+00]
 [1.06500000e+03 5.14000000e+02 4.34039859e-03 3.00000000e+00]
 [7.15000000e+02 5.15000000e+02 8.09389353e-01 4.00000000e+00]
 [4.64000000e+02 5.19000000e+02 3.91889410e-03 5.00000000e+00]
 [1.00800000e+03 6.46000000e+02 2.25228490e-03 6.00000000e+00]
 [1.00600000e+03 6.47000000e+02 2.25403719e-03 7.00000000e+00]
 [9.00000000e+02 7.40000000e+02 1.35452487e-03 8.00000000e+00]
 [1.06500000e+03 7.74000000e+02 1.80538930e-03 9.00000000e+00]
 [5.32000000e+02 8.65000000e+02 1.77240686e-03 1.00000000e+01]
 [7.20000000e+02 1.04200000e+03 1.01579598e-03 1.10000000e+01]
 [9.53000000e+02 1.04300000e+03 6.59780530e-03 1.20000000e+01]
 [7.92000000e+02 1.07000000e+03 1.02795800e-03 1.30000000e+01]
 [4.99000000e+02 1.20800000e+03 2.67523248e-03 1.40000000e+01]
 [7.04000000e+02 2.99000000e+02 1.33752415e-03 1.50000000e+01]
 [4.65000000e+02 5.71000000e+02 4.15555481e-03 1.60000000e+01]
 [7.08000000e+02 5.71000000e+02 9.31375027e-01 1.70000000e+01]
 [9.46000000e+02 6.06000000e+02 5.00057265e-03 1.80000000e+01]
 [5.48000000e+02 8.74000000e+02 1.47188921e-03 1.90000000e+01]
 [6.99000000e+02 8.75000000e+02 2.57318164e-03 2.00000000e+01]
 [6.23000000e+02 9.55000000e+02 1.99102261e-03 2.10000000e+01]
 [8.09000000e+02 1.40000000e+01 3.89008923e-03 2.20000000e+01]
 [8.65000000e+02 1.09000000e+02 4.53555211e-03 2.30000000e+01]
 [6.25000000e+02 2.99000000e+02 1.92371476e-03 2.40000000e+01]
 [6.16000000e+02 5.64000000e+02 9.12735701e-01 2.50000000e+01]
 [9.50000000e+02 5.87000000e+02 5.18158684e-03 2.60000000e+01]
 [3.91000000e+02 5.91000000e+02 6.40727719e-03 2.70000000e+01]
 [8.63000000e+02 5.95000000e+02 1.24460589e-02 2.80000000e+01]
 [1.06500000e+03 6.29000000e+02 7.47878524e-03 2.90000000e+01]
 [5.08000000e+02 8.70000000e+02 2.06796592e-03 3.00000000e+01]
 [7.07000000e+02 8.73000000e+02 1.68373843e-03 3.10000000e+01]
 [8.20000000e+02 9.71000000e+02 2.71179108e-03 3.20000000e+01]
 [6.15000000e+02 9.91000000e+02 1.80743530e-03 3.30000000e+01]
 [4.57000000e+02 1.37800000e+03 1.54458999e-03 3.40000000e+01]
 [8.71000000e+02 6.23000000e+02 7.30475504e-03 3.50000000e+01]
 [1.06500000e+03 6.63000000e+02 3.96254519e-03 3.60000000e+01]
 [5.52000000e+02 6.71000000e+02 9.11480308e-01 3.70000000e+01]
 [3.00000000e+02 6.77000000e+02 2.32745218e-03 3.80000000e+01]
 [9.80000000e+02 7.70000000e+02 3.57538252e-03 3.90000000e+01]
 [8.50000000e+02 8.23000000e+02 2.83545000e-03 4.00000000e+01]
 [8.72000000e+02 8.72000000e+02 3.44071863e-03 4.10000000e+01]
 [3.63000000e+02 9.79000000e+02 1.04792870e-03 4.20000000e+01]
 [9.55000000e+02 1.13500000e+03 1.53159606e-03 4.30000000e+01]
 [6.21000000e+02 1.21000000e+03 1.48718501e-03 4.40000000e+01]
 [8.53000000e+02 5.63000000e+02 1.05641615e-02 4.50000000e+01]
 [6.45000000e+02 5.71000000e+02 6.31644428e-01 4.60000000e+01]
 [1.06500000e+03 6.15000000e+02 1.30931055e-03 4.70000000e+01]
 [3.92000000e+02 6.33000000e+02 5.79533726e-03 4.80000000e+01]
 [5.40000000e+02 8.56000000e+02 6.72724247e-02 4.90000000e+01]
 [1.06500000e+03 8.67000000e+02 1.74981251e-03 5.00000000e+01]
 [7.80000000e+02 9.52000000e+02 1.05817076e-02 5.10000000e+01]
 [6.05000000e+02 1.03800000e+03 3.29614291e-03 5.20000000e+01]
 [3.83000000e+02 1.05000000e+03 1.72479975e-03 5.30000000e+01]
 [3.82000000e+02 1.05100000e+03 1.72525900e-03 5.40000000e+01]
 [6.31000000e+02 1.10800000e+03 2.32388964e-03 5.50000000e+01]
 [6.32000000e+02 1.11000000e+03 2.32415902e-03 5.60000000e+01]
 [6.45000000e+02 1.17700000e+03 2.31448933e-03 5.70000000e+01]
 [8.73000000e+02 1.19900000e+03 1.83035096e-03 5.80000000e+01]
 [3.74000000e+02 1.21100000e+03 7.65604153e-03 5.90000000e+01]
 [6.19000000e+02 1.37500000e+03 1.12064392e-03 6.00000000e+01]
 [4.57000000e+02 1.37700000e+03 6.79145986e-03 6.10000000e+01]
 [8.18000000e+02 1.40000000e+01 3.96966655e-03 6.20000000e+01]
 [4.62000000e+02 5.72000000e+02 2.34875386e-03 6.30000000e+01]
 [7.98000000e+02 5.77000000e+02 9.31005001e-01 6.40000000e+01]
 [5.50000000e+02 6.05000000e+02 1.14146071e-02 6.50000000e+01]
 [4.58000000e+02 6.89000000e+02 2.42527318e-03 6.60000000e+01]
 [1.07900000e+03 7.34000000e+02 2.88348575e-03 6.70000000e+01]
 [5.30000000e+02 8.03000000e+02 2.06917035e-03 6.80000000e+01]
 [9.61000000e+02 8.76000000e+02 3.92382033e-03 6.90000000e+01]
 [9.11000000e+02 9.46000000e+02 1.08484982e-03 7.00000000e+01]
 [8.53000000e+02 9.80000000e+02 1.48588908e-03 7.10000000e+01]
 [5.93000000e+02 1.03900000e+03 2.50605890e-03 7.20000000e+01]
 [5.79000000e+02 1.21600000e+03 1.17217947e-03 7.30000000e+01]
 [4.61000000e+02 1.37700000e+03 2.03046715e-03 7.40000000e+01]
 [7.06000000e+02 3.74000000e+02 1.32568774e-03 7.50000000e+01]
 [6.66000000e+02 4.30000000e+02 1.14684156e-03 7.60000000e+01]
 [8.64000000e+02 4.76000000e+02 9.68206953e-03 7.70000000e+01]
 [6.26000000e+02 5.50000000e+02 7.64960051e-03 7.80000000e+01]
 [4.56000000e+02 6.98000000e+02 4.60870750e-03 7.90000000e+01]
 [8.43000000e+02 7.04000000e+02 8.74687016e-01 8.00000000e+01]
 [1.07900000e+03 7.17000000e+02 3.99758574e-03 8.10000000e+01]
 [8.49000000e+02 9.49000000e+02 4.60322667e-03 8.20000000e+01]
 [1.06500000e+03 1.01300000e+03 1.24201900e-03 8.30000000e+01]
 [7.04000000e+02 1.04400000e+03 1.14285212e-03 8.40000000e+01]
 [5.41000000e+02 1.21400000e+03 1.86771364e-03 8.50000000e+01]
 [1.40000000e+01 1.40000000e+01 1.02331536e-03 8.60000000e+01]
 [1.15000000e+02 2.05000000e+02 1.02315447e-03 8.70000000e+01]
 [7.04000000e+02 3.83000000e+02 4.15051449e-03 8.80000000e+01]
 [9.36000000e+02 4.60000000e+02 1.03358587e-03 8.90000000e+01]
 [9.35000000e+02 4.61000000e+02 1.03815214e-03 9.00000000e+01]
 [4.55000000e+02 5.49000000e+02 3.99404159e-03 9.10000000e+01]
 [8.18000000e+02 7.72000000e+02 6.47907913e-01 9.20000000e+01]
 [4.61000000e+02 7.76000000e+02 5.34772640e-03 9.30000000e+01]
 [5.41000000e+02 8.56000000e+02 4.07795096e-03 9.40000000e+01]
 [1.06500000e+03 1.04400000e+03 9.00280196e-03 9.50000000e+01]
 [7.78000000e+02 1.12400000e+03 2.58472073e-03 9.60000000e+01]
 [6.21000000e+02 4.59000000e+02 1.13820191e-03 9.70000000e+01]
 [8.00000000e+02 5.15000000e+02 2.50289519e-03 9.80000000e+01]
 [8.48000000e+02 5.63000000e+02 1.79546583e-03 9.90000000e+01]
 [8.82000000e+02 6.20000000e+02 2.91445502e-03 1.00000000e+02]
 [8.81000000e+02 6.21000000e+02 2.91367481e-03 1.01000000e+02]
 [8.80000000e+02 6.23000000e+02 2.91329669e-03 1.02000000e+02]
 [8.79000000e+02 6.24000000e+02 2.91244872e-03 1.03000000e+02]
 [8.78000000e+02 6.25000000e+02 2.91101984e-03 1.04000000e+02]
 [8.72000000e+02 6.31000000e+02 2.93202512e-03 1.05000000e+02]
 [8.71000000e+02 6.32000000e+02 2.93774484e-03 1.06000000e+02]
 [3.83000000e+02 7.95000000e+02 2.27809045e-03 1.07000000e+02]
 [8.56000000e+02 8.23000000e+02 1.75306462e-02 1.08000000e+02]
 [6.33000000e+02 8.27000000e+02 9.58139300e-01 1.09000000e+02]
 [9.57000000e+02 1.12700000e+03 1.15919206e-03 1.10000000e+02]
 [8.17000000e+02 1.40000000e+01 1.32776122e-03 1.11000000e+02]
 [8.45000000e+02 5.40000000e+02 2.58491724e-03 1.12000000e+02]
 [6.26000000e+02 6.45000000e+02 2.49114842e-03 1.13000000e+02]
 [4.57000000e+02 7.11000000e+02 5.17807947e-03 1.14000000e+02]
 [6.32000000e+02 7.11000000e+02 4.18309774e-03 1.15000000e+02]
 [1.06500000e+03 9.58000000e+02 8.20569601e-03 1.16000000e+02]
 [5.78000000e+02 1.02000000e+03 8.94706845e-01 1.17000000e+02]
 [8.67000000e+02 1.04100000e+03 5.87627059e-03 1.18000000e+02]
 [8.72000000e+02 1.21600000e+03 1.03261694e-03 1.19000000e+02]
 [3.44000000e+02 1.23800000e+03 1.24883396e-03 1.20000000e+02]
 [1.06500000e+03 1.90500000e+03 1.37564086e-03 1.21000000e+02]
 [1.21000000e+02 1.40000000e+01 1.78993889e-03 1.22000000e+02]
 [8.05000000e+02 5.41000000e+02 4.12043836e-03 1.23000000e+02]
 [7.04000000e+02 6.39000000e+02 4.52852715e-03 1.24000000e+02]
 [4.69000000e+02 8.79000000e+02 1.58690009e-02 1.25000000e+02]
 [1.06500000e+03 8.82000000e+02 1.53102982e-03 1.26000000e+02]
 [8.67000000e+02 1.09000000e+03 2.75978521e-02 1.27000000e+02]
 [1.06500000e+03 1.13500000e+03 1.62487160e-02 1.28000000e+02]
 [7.82000000e+02 1.19700000e+03 2.02719327e-02 1.29000000e+02]
 [5.21000000e+02 1.20700000e+03 8.73300135e-01 1.30000000e+02]
 [4.77000000e+02 1.43900000e+03 8.74891039e-03 1.31000000e+02]
 [1.06500000e+03 1.90500000e+03 1.26081775e-03 1.32000000e+02]
 [6.24000000e+02 4.79000000e+02 1.93635526e-03 1.33000000e+02]
 [7.98000000e+02 5.43000000e+02 4.91761230e-03 1.34000000e+02]
 [6.24000000e+02 5.45000000e+02 2.11368175e-03 1.35000000e+02]
 [9.82000000e+02 6.07000000e+02 1.32194918e-03 1.36000000e+02]
 [4.62000000e+02 7.39000000e+02 4.86684311e-03 1.37000000e+02]
 [1.03000000e+03 8.14000000e+02 2.10884446e-03 1.38000000e+02]
 [7.71000000e+02 8.33000000e+02 9.20271516e-01 1.39000000e+02]
 [5.51000000e+02 1.02800000e+03 3.57986288e-03 1.40000000e+02]
 [5.91000000e+02 1.11700000e+03 3.65050114e-03 1.41000000e+02]
 [5.92000000e+02 1.11800000e+03 3.65008693e-03 1.42000000e+02]
 [7.78000000e+02 1.12300000e+03 1.44926971e-03 1.43000000e+02]
 [8.97000000e+02 1.18100000e+03 1.16228871e-03 1.44000000e+02]
 [9.59000000e+02 1.21900000e+03 1.15444022e-03 1.45000000e+02]
 [5.09000000e+02 1.31500000e+03 1.10067055e-03 1.46000000e+02]
 [1.40000000e+01 1.40000000e+01 1.60871388e-03 1.47000000e+02]
 [7.98000000e+02 5.33000000e+02 1.75756600e-03 1.48000000e+02]
 [6.22000000e+02 5.67000000e+02 5.94480149e-03 1.49000000e+02]
 [9.66000000e+02 7.00000000e+02 3.17532150e-03 1.50000000e+02]
 [9.65000000e+02 7.01000000e+02 3.17512988e-03 1.51000000e+02]
 [9.62000000e+02 7.05000000e+02 3.12138256e-03 1.52000000e+02]
 [9.57000000e+02 7.08000000e+02 3.19217611e-03 1.53000000e+02]
 [9.55000000e+02 7.09000000e+02 3.22203524e-03 1.54000000e+02]
 [9.31000000e+02 7.15000000e+02 3.11234035e-03 1.55000000e+02]
 [8.83000000e+02 7.22000000e+02 3.39885359e-03 1.56000000e+02]
 [1.06500000e+03 7.70000000e+02 1.11547369e-03 1.57000000e+02]
 [5.52000000e+02 8.02000000e+02 9.35000740e-03 1.58000000e+02]
 [5.51000000e+02 8.03000000e+02 9.35361255e-03 1.59000000e+02]
 [6.37000000e+02 8.19000000e+02 6.10066997e-03 1.60000000e+02]
 [8.46000000e+02 9.81000000e+02 7.98491597e-01 1.61000000e+02]
 [3.75000000e+02 1.13400000e+03 1.42956281e-03 1.62000000e+02]
 [5.62000000e+02 1.19700000e+03 2.02998053e-03 1.63000000e+02]
 [5.55000000e+02 1.20300000e+03 2.03294214e-03 1.64000000e+02]
 [5.54000000e+02 1.20400000e+03 2.03278428e-03 1.65000000e+02]
 [5.53000000e+02 1.20500000e+03 2.03360640e-03 1.66000000e+02]
 [5.52000000e+02 1.20600000e+03 2.03513587e-03 1.67000000e+02]
 [1.06500000e+03 1.25200000e+03 1.56906201e-03 1.68000000e+02]
 [1.06500000e+03 1.31500000e+03 1.52800372e-03 1.69000000e+02]
 [1.06500000e+03 1.90500000e+03 1.30536163e-03 1.70000000e+02]
 [0.00000000e+00 1.40000000e+01 1.06361706e-03 1.71000000e+02]
 [1.14000000e+02 1.40000000e+01 1.95410359e-03 1.72000000e+02]
 [5.41000000e+02 4.46000000e+02 1.20411476e-03 1.73000000e+02]
 [6.97000000e+02 5.20000000e+02 3.65408231e-03 1.74000000e+02]
 [4.56000000e+02 6.18000000e+02 1.61092961e-03 1.75000000e+02]
 [9.55000000e+02 7.16000000e+02 1.16911274e-03 1.76000000e+02]
 [7.82000000e+02 7.95000000e+02 4.52572387e-03 1.77000000e+02]
 [1.06500000e+03 8.56000000e+02 1.36637210e-03 1.78000000e+02]
 [4.57000000e+02 8.76000000e+02 8.26142635e-03 1.79000000e+02]
 [9.50000000e+02 8.94000000e+02 3.92624643e-03 1.80000000e+02]
 [5.39000000e+02 9.61000000e+02 5.52394986e-03 1.81000000e+02]
 [6.31000000e+02 1.12200000e+03 1.06397951e-02 1.82000000e+02]
 [4.59000000e+02 1.12600000e+03 4.48676478e-03 1.83000000e+02]
 [9.04000000e+02 1.14400000e+03 8.43922496e-01 1.84000000e+02]
 [1.07900000e+03 1.15600000e+03 1.18993402e-01 1.85000000e+02]
 [6.20000000e+02 1.36500000e+03 8.43589846e-03 1.86000000e+02]
 [1.06500000e+03 2.07000000e+02 1.09288504e-03 1.87000000e+02]
 [9.41000000e+02 4.57000000e+02 5.45208529e-03 1.88000000e+02]
 [7.05000000e+02 4.96000000e+02 7.83920884e-01 1.89000000e+02]
 [1.06500000e+03 5.13000000e+02 3.20079457e-03 1.90000000e+02]
 [4.77000000e+02 5.20000000e+02 6.84177037e-03 1.91000000e+02]
 [6.23000000e+02 7.93000000e+02 6.86977804e-03 1.92000000e+02]
 [9.58000000e+02 1.12600000e+03 3.06237792e-03 1.93000000e+02]
 [5.27000000e+02 1.21000000e+03 7.54791498e-03 1.94000000e+02]
 [8.92000000e+02 1.29500000e+03 1.08376413e-03 1.95000000e+02]
 [1.06500000e+03 2.08000000e+02 1.82770088e-03 1.96000000e+02]
 [7.66000000e+02 2.17000000e+02 1.17151928e-03 1.97000000e+02]
 [7.28000000e+02 4.97000000e+02 7.98903406e-01 1.98000000e+02]
 [4.61000000e+02 5.04000000e+02 1.21749006e-03 1.99000000e+02]
 [1.06500000e+03 5.05000000e+02 4.47417516e-03 2.00000000e+02]
 [4.59000000e+02 5.78000000e+02 1.18718506e-03 2.01000000e+02]
 [9.84000000e+02 6.53000000e+02 2.09229393e-03 2.02000000e+02]
 [7.87000000e+02 7.91000000e+02 1.25985860e-03 2.03000000e+02]
 [7.89000000e+02 8.72000000e+02 2.66623637e-03 2.04000000e+02]
 [5.29000000e+02 8.86000000e+02 2.02635466e-03 2.05000000e+02]
 [9.59000000e+02 1.03900000e+03 1.04776374e-03 2.06000000e+02]
 [4.58000000e+02 1.21400000e+03 1.01592415e-03 2.07000000e+02]
 [9.54000000e+02 4.57000000e+02 1.77805230e-03 2.08000000e+02]
 [6.73000000e+02 4.81000000e+02 6.01558030e-01 2.09000000e+02]
 [1.06500000e+03 5.71000000e+02 2.15729116e-03 2.10000000e+02]
 [8.64000000e+02 6.97000000e+02 3.04939179e-03 2.11000000e+02]
 [1.06500000e+03 7.62000000e+02 1.56368199e-03 2.12000000e+02]
 [7.90000000e+02 9.60000000e+02 2.54127290e-03 2.13000000e+02]
 [4.56000000e+02 1.12800000e+03 1.12347468e-03 2.14000000e+02]
 [6.23000000e+02 1.21000000e+03 9.64978989e-03 2.15000000e+02]
 [7.48000000e+02 4.75000000e+02 5.07448077e-01 2.16000000e+02]
 [4.59000000e+02 5.27000000e+02 1.82062935e-03 2.17000000e+02]
 [1.03900000e+03 5.71000000e+02 1.47760450e-03 2.18000000e+02]
 [1.07900000e+03 5.95000000e+02 1.41484081e-03 2.19000000e+02]
 [1.06500000e+03 7.75000000e+02 1.13688153e-03 2.20000000e+02]
 [6.45000000e+02 7.86000000e+02 1.35730964e-03 2.21000000e+02]
 [7.91000000e+02 9.60000000e+02 1.30022003e-03 2.22000000e+02]
 [4.73000000e+02 1.20800000e+03 1.11150963e-03 2.23000000e+02]]