[[6.86000000e+02 5.02000000e+02 7.69668818e-01 0.00000000e+00]
 [6.27000000e+02 5.83000000e+02 9.30570364e-01 1.00000000e+00]
 [5.47000000e+02 5.76000000e+02 9.41436946e-01 2.00000000e+00]
 [5.26000000e+02 6.57000000e+02 6.34703398e-01 3.00000000e+00]
 [7.08000000e+02 5.88000000e+02 9.25888717e-01 4.00000000e+00]
 [7.57000000e+02 6.91000000e+02 8.23865533e-01 5.00000000e+00]
 [7.60000000e+02 7.87000000e+02 8.63631845e-01 6.00000000e+00]
 [5.50000000e+02 8.37000000e+02 9.84190345e-01 7.00000000e+00]
 [5.24000000e+02 1.02900000e+03 8.91559243e-01 8.00000000e+00]
 [4.65000000e+02 1.19000000e+03 8.13798368e-01 9.00000000e+00]
 [6.78000000e+02 8.37000000e+02 9.22289789e-01 1.00000000e+01]
 [7.69000000e+02 9.94000000e+02 9.54938948e-01 1.10000000e+01]
 [7.93000000e+02 1.16800000e+03 7.92276621e-01 1.20000000e+01]
 [6.80000000e+02 4.85000000e+02 7.89742112e-01 1.30000000e+01]
 [6.91000000e+02 4.88000000e+02 5.20547032e-01 1.40000000e+01]
 [6.23000000e+02 4.85000000e+02 8.17091465e-01 1.50000000e+01]]