[[6.33000000e+02 5.38000000e+02 9.06269968e-01 0.00000000e+00]
 [6.52000000e+02 5.96000000e+02 9.03492451e-01 1.00000000e+00]
 [5.59000000e+02 6.14000000e+02 9.30922687e-01 2.00000000e+00]
 [5.11000000e+02 7.18000000e+02 9.01090205e-01 3.00000000e+00]
 [5.40000000e+02 7.79000000e+02 5.12955904e-01 4.00000000e+00]
 [7.48000000e+02 5.69000000e+02 8.76051486e-01 5.00000000e+00]
 [8.47000000e+02 6.66000000e+02 9.13568854e-01 6.00000000e+00]
 [7.91000000e+02 7.42000000e+02 8.66759300e-01 7.00000000e+00]
 [6.22000000e+02 8.45000000e+02 9.49119210e-01 8.00000000e+00]
 [5.72000000e+02 1.02400000e+03 9.19984460e-01 9.00000000e+00]
 [5.21000000e+02 1.21200000e+03 8.88896406e-01 1.00000000e+01]
 [7.58000000e+02 8.40000000e+02 8.96852255e-01 1.10000000e+01]
 [8.39000000e+02 1.01300000e+03 8.04937124e-01 1.20000000e+01]
 [9.14000000e+02 1.16500000e+03 7.11253047e-01 1.30000000e+01]
 [6.15000000e+02 5.22000000e+02 8.81043971e-01 1.40000000e+01]
 [6.46000000e+02 5.12000000e+02 8.76173615e-01 1.50000000e+01]
 [5.94000000e+02 5.32000000e+02 6.45545900e-01 1.60000000e+01]
 [6.82000000e+02 4.98000000e+02 7.68948436e-01 1.70000000e+01]]