[[6.41000000e+02 5.64000000e+02 9.20964777e-01 0.00000000e+00]
 [5.79000000e+02 5.60000000e+02 9.19082165e-01 1.00000000e+00]
 [6.65000000e+02 6.51000000e+02 9.01161492e-01 2.00000000e+00]
 [7.62000000e+02 5.47000000e+02 1.02875149e+00 3.00000000e+00]
 [7.10000000e+02 5.64000000e+02 8.08098197e-01 4.00000000e+00]
 [7.50000000e+02 7.06000000e+02 6.37542784e-01 5.00000000e+00]
 [5.63000000e+02 8.49000000e+02 9.65094626e-01 6.00000000e+00]
 [5.62000000e+02 8.50000000e+02 9.65171039e-01 7.00000000e+00]
 [5.19000000e+02 1.03200000e+03 8.99052501e-01 8.00000000e+00]
 [4.61000000e+02 1.21000000e+03 8.87999833e-01 9.00000000e+00]
 [6.85000000e+02 8.47000000e+02 9.33980942e-01 1.00000000e+01]
 [7.77000000e+02 1.00300000e+03 8.37002099e-01 1.10000000e+01]
 [8.07000000e+02 1.15600000e+03 7.34761596e-01 1.20000000e+01]
 [6.37000000e+02 4.77000000e+02 5.83592236e-01 1.30000000e+01]]