[[1.84000000e+02 4.63000000e+02 9.50439274e-01 0.00000000e+00]
 [2.72000000e+02 4.94000000e+02 9.65803027e-01 1.00000000e+00]
 [2.01000000e+02 5.25000000e+02 9.75073874e-01 2.00000000e+00]
 [2.14000000e+02 6.45000000e+02 1.02261662e+00 3.00000000e+00]
 [7.60000000e+01 6.93000000e+02 7.50666976e-01 4.00000000e+00]
 [0.00000000e+00 6.97000000e+02 5.71399868e-01 5.00000000e+00]
 [3.49000000e+02 4.70000000e+02 8.84394288e-01 6.00000000e+00]
 [4.63000000e+02 5.58000000e+02 9.34057295e-01 7.00000000e+00]
 [3.86000000e+02 6.55000000e+02 9.24941063e-01 8.00000000e+00]
 [3.22000000e+02 6.89000000e+02 8.02110434e-01 9.00000000e+00]
 [2.59000000e+02 8.16000000e+02 9.45263982e-01 1.00000000e+01]
 [2.31000000e+02 9.78000000e+02 9.14148688e-01 1.10000000e+01]
 [4.22000000e+02 6.55000000e+02 7.88766682e-01 1.20000000e+01]
 [4.71000000e+02 8.16000000e+02 9.49491918e-01 1.30000000e+01]
 [5.32000000e+02 9.70000000e+02 9.77009118e-01 1.40000000e+01]
 [1.75000000e+02 4.47000000e+02 5.59314549e-01 1.50000000e+01]
 [1.94000000e+02 4.38000000e+02 9.49468553e-01 1.60000000e+01]
 [2.47000000e+02 4.18000000e+02 9.03679252e-01 1.70000000e+01]]