[[4.16000000e+02 4.49000000e+02 9.44430828e-01 0.00000000e+00]
 [4.21000000e+02 4.97000000e+02 9.89299297e-01 1.00000000e+00]
 [3.51000000e+02 4.97000000e+02 9.15423930e-01 2.00000000e+00]
 [3.20000000e+02 6.08000000e+02 9.34389770e-01 3.00000000e+00]
 [3.74000000e+02 5.82000000e+02 8.23863983e-01 4.00000000e+00]
 [4.89000000e+02 4.94000000e+02 9.11639214e-01 5.00000000e+00]
 [5.44000000e+02 5.80000000e+02 9.48621511e-01 6.00000000e+00]
 [5.27000000e+02 6.51000000e+02 1.02906048e+00 7.00000000e+00]
 [3.53000000e+02 7.03000000e+02 9.08307254e-01 8.00000000e+00]
 [2.85000000e+02 8.43000000e+02 9.21288133e-01 9.00000000e+00]
 [2.48000000e+02 9.72000000e+02 8.77856970e-01 1.00000000e+01]
 [4.54000000e+02 7.00000000e+02 8.57438326e-01 1.10000000e+01]
 [4.97000000e+02 8.26000000e+02 9.34726715e-01 1.20000000e+01]
 [5.42000000e+02 9.69000000e+02 9.31604445e-01 1.30000000e+01]
 [4.00000000e+02 4.29000000e+02 9.53255773e-01 1.40000000e+01]
 [4.30000000e+02 4.29000000e+02 9.46673274e-01 1.50000000e+01]
 [3.73000000e+02 4.26000000e+02 6.94763243e-01 1.60000000e+01]
 [4.65000000e+02 4.19000000e+02 9.41704273e-01 1.70000000e+01]]