[[1.40000000e+01 2.35000000e+02 1.06342405e-03 0.00000000e+00]
 [4.63000000e+02 4.34000000e+02 3.18230386e-03 1.00000000e+00]
 [7.30000000e+02 4.69000000e+02 8.21755767e-01 2.00000000e+00]
 [3.74000000e+02 5.19000000e+02 1.53941731e-03 3.00000000e+00]
 [1.06500000e+03 6.28000000e+02 1.83152466e-03 4.00000000e+00]
 [5.27000000e+02 6.51000000e+02 1.29962468e-03 5.00000000e+00]
 [5.19000000e+02 6.60000000e+02 1.34837348e-03 6.00000000e+00]
 [9.75000000e+02 6.72000000e+02 1.76292157e-03 7.00000000e+00]
 [9.58000000e+02 6.90000000e+02 1.73927692e-03 8.00000000e+00]
 [9.57000000e+02 6.91000000e+02 1.74027751e-03 9.00000000e+00]
 [5.40000000e+02 6.96000000e+02 1.03538483e-03 1.00000000e+01]
 [5.41000000e+02 6.97000000e+02 1.03877997e-03 1.10000000e+01]
 [5.54000000e+02 1.04800000e+03 2.06529908e-03 1.20000000e+01]
 [7.88000000e+02 1.08900000e+03 1.53420481e-03 1.30000000e+01]
 [6.90000000e+02 2.94000000e+02 1.65710039e-03 1.40000000e+01]
 [6.69000000e+02 5.74000000e+02 9.06654835e-01 1.50000000e+01]
 [8.94000000e+02 8.08000000e+02 1.09941780e-03 1.60000000e+01]
 [6.20000000e+02 8.75000000e+02 3.90440016e-03 1.70000000e+01]
 [7.89000000e+02 9.18000000e+02 1.50606723e-03 1.80000000e+01]
 [5.41000000e+02 9.53000000e+02 3.19185667e-03 1.90000000e+01]
 [5.40000000e+02 9.54000000e+02 3.19178822e-03 2.00000000e+01]
 [8.69000000e+02 1.40000000e+01 1.02712738e-03 2.10000000e+01]
 [6.87000000e+02 2.99000000e+02 3.28578008e-03 2.20000000e+01]
 [5.78000000e+02 3.01000000e+02 2.70890701e-03 2.30000000e+01]
 [5.93000000e+02 5.61000000e+02 8.85632813e-01 2.40000000e+01]
 [9.49000000e+02 6.02000000e+02 5.46150655e-03 2.50000000e+01]
 [8.62000000e+02 6.05000000e+02 6.96996693e-03 2.60000000e+01]
 [6.03000000e+02 7.74000000e+02 1.06894784e-02 2.70000000e+01]
 [7.93000000e+02 9.55000000e+02 2.66124518e-03 2.80000000e+01]
 [5.36000000e+02 9.60000000e+02 2.54741078e-03 2.90000000e+01]
 [7.04000000e+02 1.05200000e+03 1.24714989e-03 3.00000000e+01]
 [4.76000000e+02 3.77000000e+02 1.14694238e-03 3.10000000e+01]
 [3.96000000e+02 5.67000000e+02 6.73706504e-03 3.20000000e+01]
 [3.95000000e+02 5.70000000e+02 6.76489202e-03 3.30000000e+01]
 [3.94000000e+02 5.72000000e+02 6.78965822e-03 3.40000000e+01]
 [8.55000000e+02 6.42000000e+02 1.25079025e-02 3.50000000e+01]
 [6.21000000e+02 6.67000000e+02 7.33215630e-01 3.60000000e+01]
 [7.95000000e+02 9.57000000e+02 2.16410588e-03 3.70000000e+01]
 [5.16000000e+02 2.69000000e+02 1.10865920e-03 3.80000000e+01]
 [4.34000000e+02 3.54000000e+02 1.54833554e-03 3.90000000e+01]
 [4.54000000e+02 3.75000000e+02 1.12898473e-03 4.00000000e+01]
 [6.82000000e+02 5.43000000e+02 6.10944510e-01 4.10000000e+01]
 [9.49000000e+02 5.48000000e+02 1.16459443e-03 4.20000000e+01]
 [9.47000000e+02 7.63000000e+02 1.93974073e-03 4.30000000e+01]
 [3.92000000e+02 9.49000000e+02 1.55310147e-03 4.40000000e+01]
 [7.96000000e+02 1.16700000e+03 3.32901254e-03 4.50000000e+01]
 [6.23000000e+02 1.20100000e+03 5.27525693e-03 4.60000000e+01]
 [3.52000000e+02 1.20800000e+03 1.38255756e-03 4.70000000e+01]
 [5.30000000e+02 1.37000000e+03 1.80257182e-03 4.80000000e+01]
 [4.07000000e+02 1.38700000e+03 1.47667259e-03 4.90000000e+01]
 [8.64000000e+02 1.40000000e+01 1.01835595e-03 5.00000000e+01]
 [7.06000000e+02 2.95000000e+02 2.66708527e-03 5.10000000e+01]
 [9.79000000e+02 3.51000000e+02 1.15617481e-03 5.20000000e+01]
 [4.61000000e+02 3.94000000e+02 2.42275605e-03 5.30000000e+01]
 [3.71000000e+02 5.36000000e+02 2.43262318e-03 5.40000000e+01]
 [7.46000000e+02 5.80000000e+02 9.12713706e-01 5.50000000e+01]
 [4.60000000e+02 6.54000000e+02 4.98510804e-03 5.60000000e+01]
 [8.83000000e+02 8.69000000e+02 1.76561519e-03 5.70000000e+01]
 [5.38000000e+02 9.60000000e+02 2.02796469e-03 5.80000000e+01]
 [7.94000000e+02 9.60000000e+02 2.08279048e-03 5.90000000e+01]
 [8.55000000e+02 3.73000000e+02 1.05753704e-03 6.00000000e+01]
 [6.96000000e+02 3.84000000e+02 3.07394471e-03 6.10000000e+01]
 [7.18000000e+02 4.70000000e+02 1.22477068e-02 6.20000000e+01]
 [3.73000000e+02 5.42000000e+02 2.72190757e-03 6.30000000e+01]
 [7.56000000e+02 7.10000000e+02 8.77040029e-01 6.40000000e+01]
 [6.23000000e+02 1.05200000e+03 2.38008262e-03 6.50000000e+01]
 [8.71000000e+02 1.21500000e+03 1.10870658e-03 6.60000000e+01]
 [6.95000000e+02 3.74000000e+02 1.15282685e-02 6.70000000e+01]
 [5.38000000e+02 4.58000000e+02 2.65401695e-03 6.80000000e+01]
 [7.70000000e+02 7.94000000e+02 7.61274338e-01 6.90000000e+01]
 [4.54000000e+02 8.69000000e+02 1.65979401e-03 7.00000000e+01]
 [4.53000000e+02 8.70000000e+02 1.65078114e-03 7.10000000e+01]
 [9.57000000e+02 1.01200000e+03 7.61901168e-03 7.20000000e+01]
 [6.39000000e+02 1.03700000e+03 2.65549170e-03 7.30000000e+01]
 [6.36000000e+02 1.03800000e+03 2.65158876e-03 7.40000000e+01]
 [6.10000000e+02 1.06700000e+03 2.61283177e-03 7.50000000e+01]
 [6.92000000e+02 1.12700000e+03 3.96586535e-03 7.60000000e+01]
 [1.06500000e+03 1.40000000e+01 1.40354398e-03 7.70000000e+01]
 [7.17000000e+02 4.67000000e+02 3.33503773e-03 7.80000000e+01]
 [7.22000000e+02 4.74000000e+02 3.32539249e-03 7.90000000e+01]
 [7.82000000e+02 5.66000000e+02 4.78548696e-03 8.00000000e+01]
 [7.89000000e+02 5.70000000e+02 4.79016965e-03 8.10000000e+01]
 [7.57000000e+02 5.91000000e+02 4.74271458e-03 8.20000000e+01]
 [7.67000000e+02 6.25000000e+02 4.64349007e-03 8.30000000e+01]
 [2.98000000e+02 8.24000000e+02 1.20366062e-03 8.40000000e+01]
 [5.66000000e+02 8.46000000e+02 9.75384891e-01 8.50000000e+01]
 [6.83000000e+02 1.12600000e+03 1.21350889e-03 8.60000000e+01]
 [7.17000000e+02 5.49000000e+02 7.54929287e-03 8.70000000e+01]
 [4.56000000e+02 7.11000000e+02 2.07290542e-03 8.80000000e+01]
 [3.54000000e+02 7.61000000e+02 1.55834958e-03 8.90000000e+01]
 [7.85000000e+02 7.93000000e+02 9.02922545e-03 9.00000000e+01]
 [9.57000000e+02 8.89000000e+02 5.20398840e-03 9.10000000e+01]
 [9.59000000e+02 1.00400000e+03 2.88763549e-03 9.20000000e+01]
 [5.29000000e+02 1.03700000e+03 9.28736508e-01 9.30000000e+01]
 [7.77000000e+02 1.10200000e+03 4.93939267e-03 9.40000000e+01]
 [8.41000000e+02 1.29800000e+03 1.05475634e-03 9.50000000e+01]
 [4.53000000e+02 1.37800000e+03 1.29220285e-03 9.60000000e+01]
 [7.43000000e+02 5.45000000e+02 1.19494759e-02 9.70000000e+01]
 [7.06000000e+02 7.79000000e+02 7.51356175e-03 9.80000000e+01]
 [5.21000000e+02 7.91000000e+02 4.17359453e-03 9.90000000e+01]
 [3.86000000e+02 8.80000000e+02 3.60939046e-03 1.00000000e+02]
 [9.60000000e+02 8.80000000e+02 1.15517736e-03 1.01000000e+02]
 [7.83000000e+02 1.17800000e+03 3.66168804e-02 1.02000000e+02]
 [1.02000000e+03 1.18700000e+03 4.48700273e-03 1.03000000e+02]
 [1.07900000e+03 1.19000000e+03 4.01967391e-03 1.04000000e+02]
 [6.88000000e+02 1.19600000e+03 4.09063622e-02 1.05000000e+02]
 [4.62000000e+02 1.20800000e+03 8.43651474e-01 1.06000000e+02]
 [7.42000000e+02 5.21000000e+02 5.77964447e-03 1.07000000e+02]
 [8.85000000e+02 6.08000000e+02 3.38479574e-03 1.08000000e+02]
 [3.73000000e+02 7.80000000e+02 2.52451189e-03 1.09000000e+02]
 [4.78000000e+02 8.04000000e+02 9.21375491e-03 1.10000000e+02]
 [9.46000000e+02 8.23000000e+02 2.38718488e-03 1.11000000e+02]
 [6.94000000e+02 8.51000000e+02 9.37332511e-01 1.12000000e+02]
 [8.98000000e+02 1.06900000e+03 1.44073612e-03 1.13000000e+02]
 [6.71000000e+02 1.12200000e+03 3.40071204e-03 1.14000000e+02]
 [5.85000000e+02 1.12400000e+03 3.23241903e-03 1.15000000e+02]
 [8.71000000e+02 1.23400000e+03 2.25936249e-03 1.16000000e+02]
 [1.40000000e+01 1.40000000e+01 1.13562262e-03 1.17000000e+02]
 [7.08000000e+02 3.93000000e+02 1.66591071e-03 1.18000000e+02]
 [6.43000000e+02 5.42000000e+02 7.71560613e-03 1.19000000e+02]
 [8.74000000e+02 7.14000000e+02 1.30591111e-03 1.20000000e+02]
 [6.97000000e+02 7.15000000e+02 1.56405685e-03 1.21000000e+02]
 [5.55000000e+02 1.00200000e+03 4.63343598e-03 1.22000000e+02]
 [7.89000000e+02 1.01200000e+03 8.81674528e-01 1.23000000e+02]
 [1.01800000e+03 1.03000000e+03 7.12755602e-03 1.24000000e+02]
 [9.85000000e+02 1.25400000e+03 1.20129052e-03 1.25000000e+02]
 [9.84000000e+02 1.25500000e+03 1.19930983e-03 1.26000000e+02]
 [9.22000000e+02 1.42000000e+03 2.09296774e-03 1.27000000e+02]
 [6.86000000e+02 4.92000000e+02 5.44728013e-03 1.28000000e+02]
 [6.85000000e+02 4.93000000e+02 5.44659328e-03 1.29000000e+02]
 [5.37000000e+02 6.67000000e+02 1.47158606e-03 1.30000000e+02]
 [7.61000000e+02 7.99000000e+02 4.96250903e-03 1.31000000e+02]
 [7.04000000e+02 8.77000000e+02 4.76315198e-03 1.32000000e+02]
 [8.55000000e+02 8.82000000e+02 3.70028010e-03 1.33000000e+02]
 [4.56000000e+02 9.59000000e+02 1.17583980e-03 1.34000000e+02]
 [5.53000000e+02 1.12600000e+03 8.94728303e-03 1.35000000e+02]
 [8.17000000e+02 1.16700000e+03 6.26837611e-01 1.36000000e+02]
 [7.33000000e+02 2.21000000e+02 3.48881702e-03 1.37000000e+02]
 [4.73000000e+02 4.33000000e+02 5.98853221e-03 1.38000000e+02]
 [7.14000000e+02 4.59000000e+02 8.67895007e-01 1.39000000e+02]
 [1.06500000e+03 6.26000000e+02 1.49958755e-03 1.40000000e+02]
 [9.86000000e+02 6.54000000e+02 1.62966130e-03 1.41000000e+02]
 [7.14000000e+02 7.01000000e+02 5.27450582e-03 1.42000000e+02]
 [8.72000000e+02 8.77000000e+02 1.04497187e-03 1.43000000e+02]
 [6.12000000e+02 1.04400000e+03 1.02404598e-03 1.44000000e+02]
 [4.57000000e+02 1.21000000e+03 1.00475382e-02 1.45000000e+02]
 [8.07000000e+02 1.29800000e+03 1.39766384e-03 1.46000000e+02]
 [7.08000000e+02 2.20000000e+02 2.35008402e-03 1.47000000e+02]
 [4.65000000e+02 4.26000000e+02 1.29218935e-03 1.48000000e+02]
 [7.27000000e+02 4.59000000e+02 6.19543016e-01 1.49000000e+02]
 [1.06500000e+03 6.26000000e+02 2.26528663e-03 1.50000000e+02]
 [5.13000000e+02 6.47000000e+02 2.24847696e-03 1.51000000e+02]
 [7.37000000e+02 6.98000000e+02 4.60915640e-03 1.52000000e+02]
 [6.20000000e+02 7.15000000e+02 2.07270938e-03 1.53000000e+02]
 [6.13000000e+02 7.20000000e+02 2.10616831e-03 1.54000000e+02]
 [7.83000000e+02 8.76000000e+02 1.37697777e-03 1.55000000e+02]
 [4.43000000e+02 9.56000000e+02 1.30155159e-03 1.56000000e+02]
 [5.41000000e+02 1.04300000e+03 1.46112253e-03 1.57000000e+02]
 [7.07000000e+02 1.29300000e+03 2.44478113e-03 1.58000000e+02]
 [6.63000000e+02 2.17000000e+02 2.24809651e-03 1.59000000e+02]
 [6.55000000e+02 4.60000000e+02 9.17006135e-01 1.60000000e+02]
 [3.76000000e+02 5.02000000e+02 1.51980948e-03 1.61000000e+02]
 [9.53000000e+02 5.34000000e+02 3.64577491e-03 1.62000000e+02]
 [9.14000000e+02 6.50000000e+02 1.60864543e-03 1.63000000e+02]
 [6.39000000e+02 6.92000000e+02 5.42090554e-03 1.64000000e+02]
 [9.62000000e+02 6.92000000e+02 1.63622422e-03 1.65000000e+02]
 [7.56000000e+02 7.02000000e+02 3.98683827e-03 1.66000000e+02]
 [5.46000000e+02 9.56000000e+02 1.09494373e-03 1.67000000e+02]
 [7.38000000e+02 9.62000000e+02 2.65390216e-03 1.68000000e+02]
 [7.95000000e+02 1.12400000e+03 1.95676275e-03 1.69000000e+02]
 [9.39000000e+02 4.11000000e+02 1.86317193e-03 1.70000000e+02]
 [9.40000000e+02 4.13000000e+02 1.86216482e-03 1.71000000e+02]
 [4.61000000e+02 4.17000000e+02 1.53644348e-03 1.72000000e+02]
 [6.45000000e+02 4.59000000e+02 7.23579153e-02 1.73000000e+02]
 [7.07000000e+02 7.03000000e+02 2.45614760e-02 1.74000000e+02]
 [7.46000000e+02 9.60000000e+02 1.91592670e-03 1.75000000e+02]
 [7.97000000e+02 1.11900000e+03 1.14847219e-03 1.76000000e+02]]