[[1.98000000e+02 5.08000000e+02 9.62178349e-01 0.00000000e+00]
 [3.03000000e+02 5.09000000e+02 9.46741343e-01 1.00000000e+00]
 [2.45000000e+02 5.33000000e+02 8.95858228e-01 2.00000000e+00]
 [2.64000000e+02 6.39000000e+02 8.89008224e-01 3.00000000e+00]
 [1.77000000e+02 6.55000000e+02 6.40676498e-01 4.00000000e+00]
 [3.59000000e+02 4.82000000e+02 9.25743461e-01 5.00000000e+00]
 [4.59000000e+02 5.99000000e+02 8.96428764e-01 6.00000000e+00]
 [3.61000000e+02 6.63000000e+02 9.63364780e-01 7.00000000e+00]
 [3.56000000e+02 6.92000000e+02 8.41077209e-01 8.00000000e+00]
 [2.93000000e+02 8.17000000e+02 9.17331398e-01 9.00000000e+00]
 [2.52000000e+02 9.71000000e+02 9.41241145e-01 1.00000000e+01]
 [4.45000000e+02 6.72000000e+02 8.39416742e-01 1.10000000e+01]
 [4.83000000e+02 8.35000000e+02 9.43986952e-01 1.20000000e+01]
 [5.44000000e+02 9.71000000e+02 9.62019145e-01 1.30000000e+01]
 [1.87000000e+02 4.98000000e+02 4.59742576e-01 1.40000000e+01]
 [2.01000000e+02 4.77000000e+02 1.02262557e+00 1.50000000e+01]
 [2.48000000e+02 4.38000000e+02 9.12605882e-01 1.60000000e+01]]