[[6.32000000e+02 5.58000000e+02 6.90903485e-01 0.00000000e+00]
 [6.49000000e+02 5.93000000e+02 9.20182645e-01 1.00000000e+00]
 [5.68000000e+02 5.95000000e+02 9.01781797e-01 2.00000000e+00]
 [5.60000000e+02 7.04000000e+02 7.60283589e-01 3.00000000e+00]
 [6.35000000e+02 7.67000000e+02 5.74600935e-01 4.00000000e+00]
 [7.24000000e+02 5.91000000e+02 9.09607053e-01 5.00000000e+00]
 [7.76000000e+02 7.02000000e+02 9.02652860e-01 6.00000000e+00]
 [7.15000000e+02 7.79000000e+02 8.80955458e-01 7.00000000e+00]
 [5.69000000e+02 8.33000000e+02 9.28656459e-01 8.00000000e+00]
 [5.31000000e+02 1.01400000e+03 9.18893814e-01 9.00000000e+00]
 [4.67000000e+02 1.19000000e+03 8.36062908e-01 1.00000000e+01]
 [6.97000000e+02 8.28000000e+02 9.11220849e-01 1.10000000e+01]
 [7.72000000e+02 1.01000000e+03 9.20359015e-01 1.20000000e+01]
 [7.93000000e+02 1.19900000e+03 7.48433650e-01 1.30000000e+01]
 [6.24000000e+02 5.40000000e+02 5.99561453e-01 1.40000000e+01]
 [6.45000000e+02 5.37000000e+02 7.08311081e-01 1.50000000e+01]
 [6.83000000e+02 5.13000000e+02 7.74095237e-01 1.60000000e+01]]