[[7.34000000e+02 5.50000000e+02 8.39078188e-01 0.00000000e+00]
 [6.79000000e+02 5.88000000e+02 8.84506464e-01 1.00000000e+00]
 [6.17000000e+02 5.73000000e+02 8.76409113e-01 2.00000000e+00]
 [6.97000000e+02 6.72000000e+02 7.29354620e-01 3.00000000e+00]
 [7.47000000e+02 6.02000000e+02 7.96002805e-01 4.00000000e+00]
 [7.58000000e+02 7.28000000e+02 6.36092067e-01 5.00000000e+00]
 [7.89000000e+02 8.12000000e+02 6.53295279e-01 6.00000000e+00]
 [5.75000000e+02 8.52000000e+02 9.29971933e-01 7.00000000e+00]
 [5.30000000e+02 1.04200000e+03 9.00856495e-01 8.00000000e+00]
 [4.66000000e+02 1.21000000e+03 8.21536899e-01 9.00000000e+00]
 [6.96000000e+02 8.47000000e+02 9.06652749e-01 1.00000000e+01]
 [8.03000000e+02 1.01700000e+03 8.48874807e-01 1.10000000e+01]
 [8.11000000e+02 1.19500000e+03 6.02980435e-01 1.20000000e+01]
 [7.20000000e+02 5.27000000e+02 7.98036098e-01 1.30000000e+01]
 [7.55000000e+02 5.30000000e+02 7.39613414e-01 1.40000000e+01]
 [6.74000000e+02 5.08000000e+02 7.53355026e-01 1.50000000e+01]]