[[6.53000000e+02 3.08000000e+02 8.41763429e-03 0.00000000e+00]
 [6.50000000e+02 5.39000000e+02 8.36626709e-01 1.00000000e+00]
 [3.79000000e+02 5.42000000e+02 3.13065550e-03 2.00000000e+00]
 [4.23000000e+02 7.37000000e+02 1.13033119e-03 3.00000000e+00]
 [6.24000000e+02 7.82000000e+02 5.33700129e-03 4.00000000e+00]
 [1.06500000e+03 8.37000000e+02 1.51470606e-03 5.00000000e+00]
 [9.55000000e+02 1.04100000e+03 1.06791221e-03 6.00000000e+00]
 [7.07000000e+02 1.04300000e+03 1.25063711e-03 7.00000000e+00]
 [6.23000000e+02 1.12400000e+03 2.27199891e-03 8.00000000e+00]
 [5.74000000e+02 1.17800000e+03 1.30860670e-03 9.00000000e+00]
 [4.95000000e+02 1.21100000e+03 2.17755046e-03 1.00000000e+01]
 [9.50000000e+02 5.67000000e+02 1.59316417e-03 1.10000000e+01]
 [6.79000000e+02 5.77000000e+02 9.00309861e-01 1.20000000e+01]
 [7.05000000e+02 8.75000000e+02 2.37858435e-03 1.30000000e+01]
 [7.89000000e+02 9.60000000e+02 1.56769541e-03 1.40000000e+01]
 [6.21000000e+02 9.61000000e+02 2.15549232e-03 1.50000000e+01]
 [8.10000000e+02 1.40000000e+01 2.79607018e-03 1.60000000e+01]
 [9.56000000e+02 4.69000000e+02 1.86497218e-03 1.70000000e+01]
 [5.78000000e+02 5.97000000e+02 8.75788093e-01 1.80000000e+01]
 [8.66000000e+02 6.11000000e+02 4.24697204e-03 1.90000000e+01]
 [9.46000000e+02 6.16000000e+02 1.08840759e-03 2.00000000e+01]
 [1.06500000e+03 7.13000000e+02 1.84539577e-03 2.10000000e+01]
 [5.22000000e+02 8.64000000e+02 8.00347887e-03 2.20000000e+01]
 [5.74000000e+02 9.56000000e+02 1.99821941e-03 2.30000000e+01]
 [5.77000000e+02 9.57000000e+02 1.99623778e-03 2.40000000e+01]
 [8.08000000e+02 9.71000000e+02 2.98972987e-03 2.50000000e+01]
 [7.91000000e+02 1.10000000e+03 1.60853378e-03 2.60000000e+01]
 [5.70000000e+02 4.64000000e+02 1.27669852e-02 2.70000000e+01]
 [8.52000000e+02 6.21000000e+02 5.42933028e-03 2.80000000e+01]
 [7.78000000e+02 6.37000000e+02 9.88391321e-03 2.90000000e+01]
 [1.06500000e+03 6.47000000e+02 4.05376824e-03 3.00000000e+01]
 [5.41000000e+02 7.21000000e+02 8.93678069e-01 3.10000000e+01]
 [3.01000000e+02 7.59000000e+02 3.87964118e-03 3.20000000e+01]
 [7.69000000e+02 7.88000000e+02 1.33793429e-02 3.30000000e+01]
 [8.69000000e+02 7.93000000e+02 6.74933661e-03 3.40000000e+01]
 [8.72000000e+02 9.60000000e+02 2.09745788e-03 3.50000000e+01]
 [3.52000000e+02 9.85000000e+02 1.06238294e-03 3.60000000e+01]
 [1.40000000e+01 1.40000000e+01 1.13251316e-03 3.70000000e+01]
 [8.56000000e+02 5.27000000e+02 1.07238104e-03 3.80000000e+01]
 [8.58000000e+02 5.30000000e+02 1.07582344e-03 3.90000000e+01]
 [8.59000000e+02 5.31000000e+02 1.07922067e-03 4.00000000e+01]
 [5.65000000e+02 6.47000000e+02 5.10398924e-01 4.10000000e+01]
 [3.01000000e+02 6.50000000e+02 1.12779730e-03 4.20000000e+01]
 [1.06500000e+03 6.86000000e+02 1.57074153e-03 4.30000000e+01]
 [2.94000000e+02 7.84000000e+02 1.53723895e-03 4.40000000e+01]
 [1.06500000e+03 8.78000000e+02 1.07043399e-03 4.50000000e+01]
 [4.64000000e+02 1.03200000e+03 2.28039175e-03 4.60000000e+01]
 [6.14000000e+02 1.03900000e+03 3.75016150e-03 4.70000000e+01]
 [6.65000000e+02 1.12100000e+03 2.53559020e-03 4.80000000e+01]
 [3.74000000e+02 1.20400000e+03 5.70816873e-03 4.90000000e+01]
 [8.72000000e+02 1.21000000e+03 1.38962769e-03 5.00000000e+01]
 [6.16000000e+02 1.37500000e+03 1.30465347e-03 5.10000000e+01]
 [6.15000000e+02 1.37600000e+03 1.30505464e-03 5.20000000e+01]
 [4.58000000e+02 1.37700000e+03 5.35789924e-03 5.30000000e+01]
 [8.09000000e+02 1.40000000e+01 2.84811738e-03 5.40000000e+01]
 [7.96000000e+02 3.01000000e+02 2.25090119e-03 5.50000000e+01]
 [1.02600000e+03 5.47000000e+02 4.26768046e-03 5.60000000e+01]
 [7.78000000e+02 5.56000000e+02 9.17166233e-01 5.70000000e+01]
 [4.63000000e+02 6.20000000e+02 3.83406505e-03 5.80000000e+01]
 [3.80000000e+02 6.79000000e+02 1.94999890e-03 5.90000000e+01]
 [1.06500000e+03 7.28000000e+02 2.67691468e-03 6.00000000e+01]
 [9.50000000e+02 7.89000000e+02 1.10399560e-03 6.10000000e+01]
 [9.86000000e+02 8.14000000e+02 1.71239884e-03 6.20000000e+01]
 [1.06500000e+03 8.68000000e+02 1.44861499e-03 6.30000000e+01]
 [4.55000000e+02 8.69000000e+02 2.77583557e-03 6.40000000e+01]
 [8.00000000e+02 9.79000000e+02 2.22323928e-03 6.50000000e+01]
 [5.92000000e+02 1.04200000e+03 2.04456574e-03 6.60000000e+01]
 [6.23000000e+02 4.58000000e+02 2.93575949e-03 6.70000000e+01]
 [1.07900000e+03 6.66000000e+02 1.50605179e-02 6.80000000e+01]
 [8.61000000e+02 6.77000000e+02 9.06661510e-01 6.90000000e+01]
 [6.36000000e+02 7.10000000e+02 1.86478421e-02 7.00000000e+01]
 [5.56000000e+02 7.83000000e+02 1.13266276e-03 7.10000000e+01]
 [4.59000000e+02 7.90000000e+02 2.54858774e-03 7.20000000e+01]
 [8.70000000e+02 9.50000000e+02 3.89199611e-03 7.30000000e+01]
 [1.06500000e+03 1.02400000e+03 1.16373703e-03 7.40000000e+01]
 [7.08000000e+02 1.06800000e+03 1.16522273e-03 7.50000000e+01]
 [7.09000000e+02 1.06900000e+03 1.16487686e-03 7.60000000e+01]
 [7.10000000e+02 1.07000000e+03 1.16475835e-03 7.70000000e+01]
 [7.11000000e+02 1.07100000e+03 1.16486871e-03 7.80000000e+01]
 [7.12000000e+02 1.07200000e+03 1.16513274e-03 7.90000000e+01]
 [5.37000000e+02 1.21300000e+03 1.92558102e-03 8.00000000e+01]
 [1.40000000e+01 1.40000000e+01 1.47747481e-03 8.10000000e+01]
 [6.22000000e+02 4.57000000e+02 1.30139096e-02 8.20000000e+01]
 [7.77000000e+02 4.60000000e+02 2.83561973e-03 8.30000000e+01]
 [7.76000000e+02 4.61000000e+02 2.84627150e-03 8.40000000e+01]
 [9.56000000e+02 4.62000000e+02 1.76475593e-03 8.50000000e+01]
 [4.55000000e+02 5.42000000e+02 2.04312149e-03 8.60000000e+01]
 [1.07900000e+03 6.83000000e+02 1.36641669e-03 8.70000000e+01]
 [4.53000000e+02 7.57000000e+02 3.14044650e-03 8.80000000e+01]
 [8.09000000e+02 7.64000000e+02 8.52198958e-01 8.90000000e+01]
 [5.43000000e+02 8.78000000e+02 2.18593446e-03 9.00000000e+01]
 [1.06500000e+03 1.03800000e+03 5.11561055e-03 9.10000000e+01]
 [7.75000000e+02 1.04100000e+03 2.74418225e-03 9.20000000e+01]
 [7.25000000e+02 1.11700000e+03 1.72430056e-03 9.30000000e+01]
 [9.56000000e+02 1.18800000e+03 1.93468260e-03 9.40000000e+01]
 [1.06500000e+03 1.37900000e+03 1.74692343e-03 9.50000000e+01]
 [9.79000000e+02 1.40000000e+01 1.26956822e-03 9.60000000e+01]
 [1.07900000e+03 1.40000000e+01 1.21354114e-03 9.70000000e+01]
 [8.75000000e+02 3.74000000e+02 1.23708241e-03 9.80000000e+01]
 [8.61000000e+02 6.36000000e+02 5.29222190e-03 9.90000000e+01]
 [3.86000000e+02 7.84000000e+02 3.99827212e-03 1.00000000e+02]
 [8.60000000e+02 8.12000000e+02 1.31498398e-02 1.01000000e+02]
 [6.26000000e+02 8.46000000e+02 9.47976410e-01 1.02000000e+02]
 [8.62000000e+02 9.33000000e+02 1.21994158e-02 1.03000000e+02]
 [3.84000000e+02 9.38000000e+02 2.88552139e-03 1.04000000e+02]
 [3.85000000e+02 9.41000000e+02 2.86443951e-03 1.05000000e+02]
 [7.90000000e+02 1.12900000e+03 1.17708207e-03 1.06000000e+02]
 [7.91000000e+02 1.13000000e+03 1.17200916e-03 1.07000000e+02]
 [7.28000000e+02 1.40000000e+01 1.05646229e-03 1.08000000e+02]
 [8.90000000e+02 1.40000000e+01 1.18131097e-03 1.09000000e+02]
 [7.11000000e+02 5.45000000e+02 6.45023677e-03 1.10000000e+02]
 [8.55000000e+02 5.47000000e+02 1.65018183e-03 1.11000000e+02]
 [8.54000000e+02 5.48000000e+02 1.65129278e-03 1.12000000e+02]
 [6.24000000e+02 7.09000000e+02 2.56660301e-03 1.13000000e+02]
 [4.43000000e+02 7.27000000e+02 3.81327281e-03 1.14000000e+02]
 [4.42000000e+02 7.28000000e+02 3.81201366e-03 1.15000000e+02]
 [4.41000000e+02 7.29000000e+02 3.81105649e-03 1.16000000e+02]
 [4.40000000e+02 7.30000000e+02 3.81121552e-03 1.17000000e+02]
 [1.06500000e+03 9.68000000e+02 8.24944116e-03 1.18000000e+02]
 [5.78000000e+02 1.02600000e+03 8.79822254e-01 1.19000000e+02]
 [1.06500000e+03 1.20400000e+03 2.03914382e-03 1.20000000e+02]
 [3.44000000e+02 1.23900000e+03 1.46319577e-03 1.21000000e+02]
 [1.13000000e+02 1.40000000e+01 1.17371778e-03 1.22000000e+02]
 [8.52000000e+02 5.47000000e+02 1.66120788e-03 1.23000000e+02]
 [7.27000000e+02 6.19000000e+02 3.67970229e-03 1.24000000e+02]
 [3.70000000e+02 6.81000000e+02 1.83547882e-03 1.25000000e+02]
 [1.06500000e+03 8.14000000e+02 1.10563019e-03 1.26000000e+02]
 [4.62000000e+02 8.79000000e+02 1.57159884e-02 1.27000000e+02]
 [7.10000000e+02 8.83000000e+02 5.76125132e-03 1.28000000e+02]
 [1.06500000e+03 8.95000000e+02 1.26504397e-03 1.29000000e+02]
 [8.70000000e+02 1.12000000e+03 1.83527619e-02 1.30000000e+02]
 [1.06500000e+03 1.14400000e+03 1.53298285e-02 1.31000000e+02]
 [7.81000000e+02 1.20400000e+03 2.25597695e-02 1.32000000e+02]
 [5.24000000e+02 1.20500000e+03 8.72719347e-01 1.33000000e+02]
 [9.65000000e+02 1.28100000e+03 1.12699792e-02 1.34000000e+02]
 [4.83000000e+02 1.44300000e+03 7.11322855e-03 1.35000000e+02]
 [1.06500000e+03 1.90500000e+03 1.03731023e-03 1.36000000e+02]
 [7.78000000e+02 4.58000000e+02 1.03438238e-03 1.37000000e+02]
 [9.75000000e+02 6.10000000e+02 1.87896227e-03 1.38000000e+02]
 [9.74000000e+02 6.11000000e+02 1.87823724e-03 1.39000000e+02]
 [4.59000000e+02 7.64000000e+02 4.34926571e-03 1.40000000e+02]
 [1.03000000e+03 8.13000000e+02 2.01890804e-03 1.41000000e+02]
 [7.67000000e+02 8.36000000e+02 8.81810129e-01 1.42000000e+02]
 [9.75000000e+02 1.09400000e+03 1.31253735e-03 1.43000000e+02]
 [5.90000000e+02 1.09800000e+03 3.65735660e-03 1.44000000e+02]
 [7.76000000e+02 1.12200000e+03 2.26893788e-03 1.45000000e+02]
 [9.57000000e+02 1.14200000e+03 1.51018240e-03 1.46000000e+02]
 [9.69000000e+02 1.26400000e+03 1.16345775e-03 1.47000000e+02]
 [1.40000000e+01 1.40000000e+01 1.73325709e-03 1.48000000e+02]
 [7.87000000e+02 6.25000000e+02 4.50214837e-03 1.49000000e+02]
 [9.56000000e+02 6.37000000e+02 1.80569803e-03 1.50000000e+02]
 [5.30000000e+02 8.76000000e+02 7.48192845e-03 1.51000000e+02]
 [8.41000000e+02 1.02000000e+03 8.45548093e-01 1.52000000e+02]
 [3.74000000e+02 1.13300000e+03 2.00824859e-03 1.53000000e+02]
 [5.36000000e+02 1.21200000e+03 2.43002665e-03 1.54000000e+02]
 [1.06500000e+03 1.45100000e+03 1.13754591e-03 1.55000000e+02]
 [1.06500000e+03 1.90500000e+03 1.06421183e-03 1.56000000e+02]
 [1.40000000e+01 1.40000000e+01 1.31823961e-03 1.57000000e+02]
 [9.50000000e+01 1.40000000e+01 1.44008792e-03 1.58000000e+02]
 [6.24000000e+02 4.77000000e+02 2.69737677e-03 1.59000000e+02]
 [4.56000000e+02 7.09000000e+02 1.35945459e-03 1.60000000e+02]
 [8.56000000e+02 7.96000000e+02 2.39536166e-03 1.61000000e+02]
 [4.56000000e+02 8.76000000e+02 7.64699187e-03 1.62000000e+02]
 [9.47000000e+02 8.78000000e+02 2.14301632e-03 1.63000000e+02]
 [5.42000000e+02 1.12600000e+03 1.48669863e-03 1.64000000e+02]
 [9.24000000e+02 1.17100000e+03 7.11533368e-01 1.65000000e+02]
 [1.07900000e+03 1.19800000e+03 1.77588627e-01 1.66000000e+02]
 [6.24000000e+02 1.36100000e+03 7.81852845e-03 1.67000000e+02]
 [8.54000000e+02 5.19000000e+02 8.31146911e-03 1.68000000e+02]
 [6.31000000e+02 5.23000000e+02 8.08203340e-01 1.69000000e+02]
 [3.83000000e+02 5.32000000e+02 3.63342231e-03 1.70000000e+02]
 [6.20000000e+02 7.88000000e+02 2.16470961e-03 1.71000000e+02]
 [6.21000000e+02 8.75000000e+02 7.87162967e-03 1.72000000e+02]
 [9.59000000e+02 1.19900000e+03 3.09496652e-03 1.73000000e+02]
 [5.36000000e+02 1.21000000e+03 9.15953517e-03 1.74000000e+02]
 [9.47000000e+02 4.58000000e+02 1.26761419e-03 1.75000000e+02]
 [6.72000000e+02 5.17000000e+02 8.28204274e-01 1.76000000e+02]
 [3.75000000e+02 5.45000000e+02 1.41617004e-03 1.77000000e+02]
 [4.30000000e+02 7.31000000e+02 1.43621920e-03 1.78000000e+02]
 [7.52000000e+02 7.87000000e+02 1.99592626e-03 1.79000000e+02]
 [7.85000000e+02 8.68000000e+02 1.98210659e-03 1.80000000e+02]
 [4.52000000e+02 8.76000000e+02 1.12182903e-03 1.81000000e+02]
 [5.28000000e+02 9.57000000e+02 1.35974737e-03 1.82000000e+02]
 [6.12000000e+02 5.23000000e+02 4.44946438e-01 1.83000000e+02]
 [8.63000000e+02 7.05000000e+02 2.55199941e-03 1.84000000e+02]
 [1.06500000e+03 8.40000000e+02 1.37276587e-03 1.85000000e+02]
 [7.91000000e+02 9.66000000e+02 2.88115977e-03 1.86000000e+02]
 [6.23000000e+02 1.21000000e+03 7.27030076e-03 1.87000000e+02]
 [9.46000000e+02 4.62000000e+02 2.01768591e-03 1.88000000e+02]
 [7.02000000e+02 4.84000000e+02 7.51605988e-01 1.89000000e+02]
 [4.75000000e+02 5.27000000e+02 8.51693377e-03 1.90000000e+02]
 [3.76000000e+02 5.61000000e+02 1.26924855e-03 1.91000000e+02]
 [3.92000000e+02 6.34000000e+02 1.12988788e-03 1.92000000e+02]
 [1.06500000e+03 8.46000000e+02 1.06778496e-03 1.93000000e+02]
 [7.93000000e+02 9.81000000e+02 1.48827280e-03 1.94000000e+02]]