[[7.60000000e+02 5.30000000e+02 8.17654908e-01 0.00000000e+00]
 [7.35000000e+02 5.87000000e+02 9.04661715e-01 1.00000000e+00]
 [6.54000000e+02 5.82000000e+02 8.80849898e-01 2.00000000e+00]
 [5.71000000e+02 6.90000000e+02 9.23536301e-01 3.00000000e+00]
 [5.69000000e+02 7.98000000e+02 7.66262531e-01 4.00000000e+00]
 [8.15000000e+02 5.94000000e+02 8.62786949e-01 5.00000000e+00]
 [8.43000000e+02 7.02000000e+02 8.47089648e-01 6.00000000e+00]
 [8.44000000e+02 7.91000000e+02 7.84223318e-01 7.00000000e+00]
 [6.46000000e+02 8.27000000e+02 9.04152095e-01 8.00000000e+00]
 [5.89000000e+02 1.01600000e+03 9.32612479e-01 9.00000000e+00]
 [5.27000000e+02 1.21100000e+03 9.07905340e-01 1.00000000e+01]
 [7.69000000e+02 8.32000000e+02 8.77660334e-01 1.10000000e+01]
 [8.33000000e+02 9.87000000e+02 8.75657678e-01 1.20000000e+01]
 [9.02000000e+02 1.16100000e+03 8.44078124e-01 1.30000000e+01]
 [7.45000000e+02 5.12000000e+02 7.83739686e-01 1.40000000e+01]
 [7.76000000e+02 5.08000000e+02 8.00645947e-01 1.50000000e+01]
 [7.16000000e+02 4.98000000e+02 6.67107284e-01 1.60000000e+01]
 [7.88000000e+02 4.89000000e+02 5.44017434e-01 1.70000000e+01]]