[[0.00000000e+00 5.19000000e+02 2.51867801e-01 0.00000000e+00]
 [1.01000000e+02 5.23000000e+02 1.00890350e+00 1.00000000e+00]
 [2.18000000e+02 5.31000000e+02 8.19578648e-01 2.00000000e+00]
 [2.03000000e+02 5.41000000e+02 7.25375473e-01 3.00000000e+00]
 [2.48000000e+02 6.53000000e+02 3.19182724e-01 4.00000000e+00]
 [2.11000000e+02 6.99000000e+02 3.65512818e-01 5.00000000e+00]
 [2.41000000e+02 5.28000000e+02 8.89956772e-01 6.00000000e+00]
 [2.86000000e+02 6.52000000e+02 9.76651430e-01 7.00000000e+00]
 [2.04000000e+02 7.07000000e+02 8.34265471e-01 8.00000000e+00]
 [3.16000000e+02 6.98000000e+02 7.80510724e-01 9.00000000e+00]
 [2.17000000e+02 7.96000000e+02 9.33549285e-01 1.00000000e+01]
 [2.19000000e+02 9.69000000e+02 9.21883464e-01 1.10000000e+01]
 [3.99000000e+02 6.91000000e+02 8.58834445e-01 1.20000000e+01]
 [4.28000000e+02 8.47000000e+02 9.20622289e-01 1.30000000e+01]
 [5.25000000e+02 9.64000000e+02 9.39828694e-01 1.40000000e+01]
 [8.60000000e+01 5.13000000e+02 4.23830301e-01 1.50000000e+01]
 [0.00000000e+00 5.17000000e+02 1.70275435e-01 1.60000000e+01]
 [0.00000000e+00 4.93000000e+02 2.24066004e-01 1.70000000e+01]
 [1.04000000e+02 4.95000000e+02 9.50752914e-01 1.80000000e+01]
 [1.56000000e+02 4.67000000e+02 9.23350930e-01 1.90000000e+01]]