[[7.87000000e+02 5.43000000e+02 7.60632575e-01 0.00000000e+00]
 [6.96000000e+02 5.62000000e+02 8.77598763e-01 1.00000000e+00]
 [6.40000000e+02 5.52000000e+02 9.35940444e-01 2.00000000e+00]
 [6.88000000e+02 6.65000000e+02 9.42240655e-01 3.00000000e+00]
 [7.87000000e+02 5.79000000e+02 7.44052887e-01 4.00000000e+00]
 [7.53000000e+02 5.71000000e+02 7.92477727e-01 5.00000000e+00]
 [7.56000000e+02 7.11000000e+02 6.20594442e-01 6.00000000e+00]
 [7.73000000e+02 7.93000000e+02 7.09858298e-01 7.00000000e+00]
 [5.74000000e+02 8.33000000e+02 8.99338722e-01 8.00000000e+00]
 [5.32000000e+02 1.02400000e+03 9.45534587e-01 9.00000000e+00]
 [4.66000000e+02 1.20500000e+03 8.74724984e-01 1.00000000e+01]
 [6.85000000e+02 8.32000000e+02 8.70572329e-01 1.10000000e+01]
 [7.68000000e+02 9.96000000e+02 8.92827451e-01 1.20000000e+01]
 [8.06000000e+02 1.16700000e+03 8.36240947e-01 1.30000000e+01]
 [7.85000000e+02 5.21000000e+02 7.76307464e-01 1.40000000e+01]
 [7.28000000e+02 4.82000000e+02 8.01072240e-01 1.50000000e+01]]