[[4.00000000e+02 3.91000000e+02 8.58040750e-01 0.00000000e+00]
 [3.99000000e+02 4.28000000e+02 9.31641161e-01 1.00000000e+00]
 [3.10000000e+02 4.40000000e+02 9.56287324e-01 2.00000000e+00]
 [3.33000000e+02 5.73000000e+02 8.88714135e-01 3.00000000e+00]
 [3.79000000e+02 4.64000000e+02 9.98722553e-01 4.00000000e+00]
 [4.78000000e+02 4.23000000e+02 9.50447619e-01 5.00000000e+00]
 [5.24000000e+02 5.13000000e+02 9.24309969e-01 6.00000000e+00]
 [5.10000000e+02 5.99000000e+02 9.61464226e-01 7.00000000e+00]
 [3.30000000e+02 6.59000000e+02 8.21761012e-01 8.00000000e+00]
 [2.69000000e+02 8.07000000e+02 9.24155295e-01 9.00000000e+00]
 [2.39000000e+02 9.57000000e+02 9.29228604e-01 1.00000000e+01]
 [4.37000000e+02 6.50000000e+02 8.71730089e-01 1.10000000e+01]
 [4.82000000e+02 8.02000000e+02 9.33705389e-01 1.20000000e+01]
 [5.30000000e+02 9.53000000e+02 9.51729596e-01 1.30000000e+01]
 [3.78000000e+02 3.72000000e+02 9.18946803e-01 1.40000000e+01]
 [4.18000000e+02 3.70000000e+02 9.25027490e-01 1.50000000e+01]
 [3.51000000e+02 3.63000000e+02 7.64958501e-01 1.60000000e+01]
 [4.36000000e+02 3.51000000e+02 7.26559520e-01 1.70000000e+01]]