[[3.78000000e+02 4.03000000e+02 9.44570482e-01 0.00000000e+00]
 [4.02000000e+02 4.46000000e+02 9.19430196e-01 1.00000000e+00]
 [3.23000000e+02 4.46000000e+02 9.36941862e-01 2.00000000e+00]
 [2.64000000e+02 5.57000000e+02 9.22879696e-01 3.00000000e+00]
 [3.22000000e+02 5.22000000e+02 9.95557725e-01 4.00000000e+00]
 [4.74000000e+02 4.44000000e+02 9.23933625e-01 5.00000000e+00]
 [5.14000000e+02 5.35000000e+02 9.00660992e-01 6.00000000e+00]
 [5.09000000e+02 6.18000000e+02 9.36759472e-01 7.00000000e+00]
 [3.27000000e+02 6.47000000e+02 8.85276556e-01 8.00000000e+00]
 [2.68000000e+02 7.72000000e+02 9.52348709e-01 9.00000000e+00]
 [2.40000000e+02 9.08000000e+02 8.94374132e-01 1.00000000e+01]
 [4.29000000e+02 6.47000000e+02 8.65945101e-01 1.10000000e+01]
 [4.72000000e+02 7.75000000e+02 9.52973008e-01 1.20000000e+01]
 [5.17000000e+02 9.15000000e+02 9.39396560e-01 1.30000000e+01]
 [3.64000000e+02 3.78000000e+02 9.52469110e-01 1.40000000e+01]
 [4.01000000e+02 3.79000000e+02 9.41584706e-01 1.50000000e+01]
 [3.55000000e+02 3.71000000e+02 3.47716331e-01 1.60000000e+01]
 [4.36000000e+02 3.69000000e+02 9.27821636e-01 1.70000000e+01]]