[[1.40000000e+01 2.42000000e+02 1.12261751e-03 0.00000000e+00]
 [7.01000000e+02 3.12000000e+02 1.15870861e-02 1.00000000e+00]
 [3.74000000e+02 4.85000000e+02 1.81857008e-03 2.00000000e+00]
 [4.76000000e+02 5.31000000e+02 8.16548243e-03 3.00000000e+00]
 [6.99000000e+02 5.34000000e+02 7.11150944e-01 4.00000000e+00]
 [9.44000000e+02 5.38000000e+02 3.83168040e-03 5.00000000e+00]
 [9.48000000e+02 6.88000000e+02 1.76227698e-03 6.00000000e+00]
 [9.37000000e+02 7.08000000e+02 1.66813843e-03 7.00000000e+00]
 [9.11000000e+02 7.25000000e+02 1.94298918e-03 8.00000000e+00]
 [5.18000000e+02 7.31000000e+02 3.81446304e-03 9.00000000e+00]
 [7.10000000e+02 7.84000000e+02 3.94650549e-03 1.00000000e+01]
 [4.41000000e+02 8.81000000e+02 1.10062829e-03 1.10000000e+01]
 [5.58000000e+02 1.04400000e+03 1.28701155e-03 1.20000000e+01]
 [6.28000000e+02 1.04600000e+03 1.03484979e-03 1.30000000e+01]
 [7.90000000e+02 1.04900000e+03 2.94078235e-03 1.40000000e+01]
 [3.72000000e+02 1.12800000e+03 1.42705580e-03 1.50000000e+01]
 [4.09000000e+02 1.17800000e+03 1.18811347e-03 1.60000000e+01]
 [4.46000000e+02 1.20800000e+03 1.31096109e-03 1.70000000e+01]
 [4.30000000e+02 3.47000000e+02 1.04363437e-03 1.80000000e+01]
 [6.35000000e+02 5.93000000e+02 9.39258277e-01 1.90000000e+01]
 [3.80000000e+02 5.96000000e+02 1.54255377e-03 2.00000000e+01]
 [8.51000000e+02 6.36000000e+02 1.11437235e-02 2.10000000e+01]
 [6.22000000e+02 8.74000000e+02 3.47281527e-03 2.20000000e+01]
 [5.38000000e+02 9.59000000e+02 2.41687102e-03 2.30000000e+01]
 [7.85000000e+02 9.60000000e+02 2.25164136e-03 2.40000000e+01]
 [7.99000000e+02 1.40000000e+01 1.69949047e-03 2.50000000e+01]
 [8.08000000e+02 9.60000000e+01 1.86509034e-03 2.60000000e+01]
 [2.99000000e+02 5.44000000e+02 1.64968707e-03 2.70000000e+01]
 [5.50000000e+02 5.86000000e+02 9.67976511e-01 2.80000000e+01]
 [9.41000000e+02 6.22000000e+02 2.13745330e-03 2.90000000e+01]
 [8.60000000e+02 6.28000000e+02 5.89630660e-03 3.00000000e+01]
 [8.70000000e+02 7.76000000e+02 1.55873236e-03 3.10000000e+01]
 [3.55000000e+02 8.24000000e+02 1.76874897e-03 3.20000000e+01]
 [4.48000000e+02 8.76000000e+02 4.19810507e-03 3.30000000e+01]
 [7.76000000e+02 9.72000000e+02 4.11994755e-03 3.40000000e+01]
 [8.72000000e+02 1.11700000e+03 1.05231022e-03 3.50000000e+01]
 [4.47000000e+02 3.78000000e+02 1.60070672e-03 3.60000000e+01]
 [7.84000000e+02 6.27000000e+02 5.20623103e-03 3.70000000e+01]
 [9.54000000e+02 6.61000000e+02 1.07705372e-03 3.80000000e+01]
 [5.17000000e+02 6.94000000e+02 7.80392110e-01 3.90000000e+01]
 [7.89000000e+02 9.60000000e+02 2.45158630e-03 4.00000000e+01]
 [8.73000000e+02 1.13400000e+03 1.69903040e-03 4.10000000e+01]
 [4.51000000e+02 1.21000000e+03 1.43370754e-03 4.20000000e+01]
 [6.22000000e+02 1.21000000e+03 1.13156182e-03 4.30000000e+01]
 [6.24000000e+02 3.84000000e+02 5.00246929e-03 4.40000000e+01]
 [2.97000000e+02 6.56000000e+02 2.27149273e-03 4.50000000e+01]
 [8.64000000e+02 7.16000000e+02 3.37634189e-03 4.60000000e+01]
 [6.00000000e+02 7.33000000e+02 3.87216091e-01 4.70000000e+01]
 [2.93000000e+02 7.49000000e+02 2.25645211e-03 4.80000000e+01]
 [5.35000000e+02 1.04000000e+03 2.17384938e-03 4.90000000e+01]
 [7.95000000e+02 1.14500000e+03 2.95009394e-03 5.00000000e+01]
 [6.24000000e+02 1.16900000e+03 2.38578953e-03 5.10000000e+01]
 [3.01000000e+02 1.21100000e+03 2.99924798e-03 5.20000000e+01]
 [5.31000000e+02 1.33700000e+03 2.40623322e-03 5.30000000e+01]
 [5.30000000e+02 1.33800000e+03 2.40600272e-03 5.40000000e+01]
 [8.00000000e+02 0.00000000e+00 1.75586063e-03 5.50000000e+01]
 [8.07000000e+02 1.00000000e+02 2.02126405e-03 5.60000000e+01]
 [3.75000000e+02 4.59000000e+02 1.89485087e-03 5.70000000e+01]
 [7.16000000e+02 5.96000000e+02 9.07873690e-01 5.80000000e+01]
 [4.67000000e+02 6.18000000e+02 1.10430829e-02 5.90000000e+01]
 [4.73000000e+02 7.87000000e+02 1.12080970e-03 6.00000000e+01]
 [9.76000000e+02 8.17000000e+02 1.07819436e-03 6.10000000e+01]
 [8.00000000e+02 8.67000000e+02 8.09339900e-03 6.20000000e+01]
 [7.91000000e+02 9.50000000e+02 4.00188891e-03 6.30000000e+01]
 [5.39000000e+02 1.03100000e+03 2.11738423e-03 6.40000000e+01]
 [6.23000000e+02 1.19400000e+03 1.15985144e-03 6.50000000e+01]
 [6.35000000e+02 3.83000000e+02 1.39378849e-03 6.60000000e+01]
 [7.38000000e+02 7.06000000e+02 8.83787930e-01 6.70000000e+01]
 [9.00000000e+02 1.11600000e+03 1.06040854e-03 6.80000000e+01]
 [4.57000000e+02 1.21100000e+03 2.36343336e-03 6.90000000e+01]
 [6.23000000e+02 1.21200000e+03 1.73955003e-03 7.00000000e+01]
 [1.40000000e+01 1.40000000e+01 1.25628477e-03 7.10000000e+01]
 [7.15000000e+02 5.51000000e+02 3.17892991e-02 7.20000000e+01]
 [3.79000000e+02 6.20000000e+02 2.58569792e-03 7.30000000e+01]
 [4.58000000e+02 7.92000000e+02 4.35067900e-03 7.40000000e+01]
 [7.29000000e+02 8.11000000e+02 8.58814120e-01 7.50000000e+01]
 [6.23000000e+02 1.12800000e+03 5.80341602e-03 7.60000000e+01]
 [3.72000000e+02 4.57000000e+02 2.11703382e-03 7.70000000e+01]
 [5.40000000e+02 4.57000000e+02 1.03585678e-03 7.80000000e+01]
 [7.50000000e+02 5.56000000e+02 2.91488855e-03 7.90000000e+01]
 [7.91000000e+02 5.86000000e+02 2.56146467e-03 8.00000000e+01]
 [7.95000000e+02 5.97000000e+02 2.56571057e-03 8.10000000e+01]
 [7.71000000e+02 6.32000000e+02 2.81259860e-03 8.20000000e+01]
 [3.02000000e+02 8.04000000e+02 2.22814828e-03 8.30000000e+01]
 [7.69000000e+02 8.25000000e+02 2.31693219e-02 8.40000000e+01]
 [5.53000000e+02 8.45000000e+02 9.52015460e-01 8.50000000e+01]
 [6.30000000e+02 1.12700000e+03 1.08286296e-03 8.60000000e+01]
 [8.82000000e+02 1.12800000e+03 1.05775055e-03 8.70000000e+01]
 [4.54000000e+02 1.21000000e+03 1.34425308e-03 8.80000000e+01]
 [8.70000000e+02 6.32000000e+02 1.21919240e-03 8.90000000e+01]
 [3.50000000e+02 7.65000000e+02 1.65730226e-03 9.00000000e+01]
 [7.76000000e+02 9.57000000e+02 1.79094262e-03 9.10000000e+01]
 [5.19000000e+02 1.02200000e+03 8.73299420e-01 9.20000000e+01]
 [8.81000000e+02 1.04200000e+03 7.41081452e-03 9.30000000e+01]
 [5.43000000e+02 1.28600000e+03 1.90346607e-03 9.40000000e+01]
 [1.06500000e+03 1.90500000e+03 1.01563579e-03 9.50000000e+01]
 [4.56000000e+02 5.40000000e+02 1.98045210e-03 9.60000000e+01]
 [7.00000000e+02 5.42000000e+02 4.32439521e-03 9.70000000e+01]
 [6.78000000e+02 7.23000000e+02 5.33604342e-03 9.80000000e+01]
 [4.54000000e+02 7.61000000e+02 3.62738827e-03 9.90000000e+01]
 [6.32000000e+02 8.79000000e+02 6.04440179e-03 1.00000000e+02]
 [3.95000000e+02 8.80000000e+02 3.18210479e-03 1.01000000e+02]
 [9.56000000e+02 1.13800000e+03 7.26655684e-03 1.02000000e+02]
 [7.78000000e+02 1.17100000e+03 2.62865517e-02 1.03000000e+02]
 [6.86000000e+02 1.18800000e+03 3.62078659e-02 1.04000000e+02]
 [4.64000000e+02 1.19800000e+03 8.59286249e-01 1.05000000e+02]
 [2.19000000e+02 1.25900000e+03 2.32975837e-03 1.06000000e+02]
 [3.93000000e+02 1.44100000e+03 5.54523058e-03 1.07000000e+02]
 [3.95000000e+02 1.44200000e+03 5.55424718e-03 1.08000000e+02]
 [5.05000000e+02 1.44600000e+03 5.39064826e-03 1.09000000e+02]
 [4.99000000e+02 1.44700000e+03 5.42256190e-03 1.10000000e+02]
 [1.06500000e+03 1.90500000e+03 1.09138689e-03 1.11000000e+02]
 [6.86000000e+02 4.63000000e+02 2.26131175e-03 1.12000000e+02]
 [7.51000000e+02 5.08000000e+02 1.86444575e-03 1.13000000e+02]
 [7.78000000e+02 5.40000000e+02 2.00306415e-03 1.14000000e+02]
 [3.74000000e+02 7.68000000e+02 2.93440698e-03 1.15000000e+02]
 [6.80000000e+02 8.42000000e+02 8.95330429e-01 1.16000000e+02]
 [9.48000000e+02 8.53000000e+02 1.73669285e-03 1.17000000e+02]
 [8.93000000e+02 1.06400000e+03 1.52416970e-03 1.18000000e+02]
 [5.84000000e+02 1.12400000e+03 3.44744511e-03 1.19000000e+02]
 [6.18000000e+02 1.19200000e+03 1.21687201e-03 1.20000000e+02]
 [6.20000000e+02 1.19300000e+03 1.21689984e-03 1.21000000e+02]
 [6.21000000e+02 1.19400000e+03 1.21672242e-03 1.22000000e+02]
 [6.22000000e+02 1.19500000e+03 1.21643697e-03 1.23000000e+02]
 [6.23000000e+02 1.19600000e+03 1.21691800e-03 1.24000000e+02]
 [8.41000000e+02 1.22100000e+03 1.60425762e-03 1.25000000e+02]
 [1.40000000e+01 1.40000000e+01 1.08479988e-03 1.26000000e+02]
 [6.79000000e+02 4.59000000e+02 2.81972415e-03 1.27000000e+02]
 [5.41000000e+02 5.55000000e+02 2.44044024e-03 1.28000000e+02]
 [7.98000000e+02 7.25000000e+02 4.57891077e-03 1.29000000e+02]
 [7.66000000e+02 9.91000000e+02 9.65616465e-01 1.30000000e+02]
 [9.51000000e+02 1.34300000e+03 3.10014281e-03 1.31000000e+02]
 [8.13000000e+02 1.43000000e+03 1.67718786e-03 1.32000000e+02]
 [6.54000000e+02 4.59000000e+02 2.40761554e-03 1.33000000e+02]
 [8.60000000e+02 7.97000000e+02 2.06628931e-03 1.34000000e+02]
 [7.05000000e+02 8.20000000e+02 5.79549372e-03 1.35000000e+02]
 [5.39000000e+02 8.66000000e+02 1.36838038e-03 1.36000000e+02]
 [7.04000000e+02 8.76000000e+02 5.76351210e-03 1.37000000e+02]
 [8.70000000e+02 8.86000000e+02 3.93196288e-03 1.38000000e+02]
 [5.53000000e+02 1.12500000e+03 4.85084997e-03 1.39000000e+02]
 [7.89000000e+02 1.16700000e+03 7.87676930e-01 1.40000000e+02]
 [1.02200000e+03 1.17800000e+03 4.45516640e-03 1.41000000e+02]
 [5.58000000e+02 1.28200000e+03 2.18740711e-03 1.42000000e+02]
 [5.59000000e+02 1.28300000e+03 2.17872113e-03 1.43000000e+02]
 [9.47000000e+02 5.01000000e+02 2.16588448e-03 1.44000000e+02]
 [6.95000000e+02 5.21000000e+02 7.41525650e-01 1.45000000e+02]
 [5.08000000e+02 7.33000000e+02 1.41447666e-03 1.46000000e+02]
 [8.99000000e+02 7.38000000e+02 1.83276553e-03 1.47000000e+02]
 [8.48000000e+02 7.95000000e+02 1.05056074e-03 1.48000000e+02]
 [8.39000000e+02 8.02000000e+02 1.06089085e-03 1.49000000e+02]
 [5.74000000e+02 8.73000000e+02 1.12372055e-03 1.50000000e+02]
 [5.40000000e+02 1.12600000e+03 5.60730323e-03 1.51000000e+02]
 [5.39000000e+02 1.12700000e+03 5.60685527e-03 1.52000000e+02]
 [4.56000000e+02 1.21000000e+03 1.07193682e-02 1.53000000e+02]
 [7.92000000e+02 1.22300000e+03 1.82163657e-03 1.54000000e+02]
 [9.46000000e+02 4.89000000e+02 1.57071056e-03 1.55000000e+02]
 [4.78000000e+02 4.98000000e+02 3.35870381e-03 1.56000000e+02]
 [7.04000000e+02 5.14000000e+02 5.00591457e-01 1.57000000e+02]
 [4.43000000e+02 6.40000000e+02 1.93569530e-03 1.58000000e+02]
 [9.00000000e+02 7.31000000e+02 1.07513054e-03 1.59000000e+02]
 [5.18000000e+02 7.34000000e+02 2.31402135e-03 1.60000000e+02]
 [7.13000000e+02 7.80000000e+02 3.82553064e-03 1.61000000e+02]
 [4.42000000e+02 9.20000000e+02 1.43103499e-03 1.62000000e+02]
 [9.49000000e+02 4.86000000e+02 1.73401053e-03 1.63000000e+02]
 [9.50000000e+02 4.87000000e+02 1.74405205e-03 1.64000000e+02]
 [3.82000000e+02 4.97000000e+02 2.89559667e-03 1.65000000e+02]
 [6.42000000e+02 5.00000000e+02 7.76202500e-01 1.66000000e+02]
 [9.47000000e+02 6.90000000e+02 1.45240454e-03 1.67000000e+02]
 [7.39000000e+02 7.88000000e+02 1.16588234e-03 1.68000000e+02]
 [7.20000000e+02 9.64000000e+02 2.92278058e-03 1.69000000e+02]
 [7.92000000e+02 1.09800000e+03 2.16658786e-03 1.70000000e+02]
 [5.41000000e+02 1.21000000e+03 8.28590430e-03 1.71000000e+02]
 [4.67000000e+02 4.11000000e+02 1.48119673e-03 1.72000000e+02]
 [4.66000000e+02 4.68000000e+02 1.48372038e-03 1.73000000e+02]
 [3.76000000e+02 4.78000000e+02 1.04774011e-03 1.74000000e+02]
 [9.40000000e+02 4.82000000e+02 1.31075131e-03 1.75000000e+02]
 [6.33000000e+02 4.90000000e+02 9.82560515e-02 1.76000000e+02]
 [9.47000000e+02 6.83000000e+02 1.01404323e-03 1.77000000e+02]
 [7.60000000e+02 9.78000000e+02 1.87940546e-03 1.78000000e+02]
 [7.61000000e+02 9.79000000e+02 1.87931512e-03 1.79000000e+02]
 [7.91000000e+02 1.08700000e+03 1.58112380e-03 1.80000000e+02]
 [7.92000000e+02 1.08800000e+03 1.58049166e-03 1.81000000e+02]]