[[1.40000000e+01 2.66000000e+02 1.23509264e-03 0.00000000e+00]
 [5.47000000e+02 3.13000000e+02 1.17652752e-02 1.00000000e+00]
 [2.94000000e+02 5.24000000e+02 2.05863896e-03 2.00000000e+00]
 [5.62000000e+02 5.36000000e+02 9.48738039e-01 3.00000000e+00]
 [5.53000000e+02 7.87000000e+02 3.40122054e-03 4.00000000e+00]
 [8.65000000e+02 1.04400000e+03 7.90685788e-03 5.00000000e+00]
 [5.50000000e+02 1.04500000e+03 1.78878207e-03 6.00000000e+00]
 [7.25000000e+02 1.04900000e+03 2.11383612e-03 7.00000000e+00]
 [4.56000000e+02 1.21000000e+03 1.07024796e-03 8.00000000e+00]
 [5.79000000e+02 6.03000000e+02 9.06782269e-01 9.00000000e+00]
 [6.22000000e+02 8.74000000e+02 1.67199329e-03 1.00000000e+01]
 [5.37000000e+02 9.62000000e+02 2.60202494e-03 1.10000000e+01]
 [7.17000000e+02 9.63000000e+02 1.98714435e-03 1.20000000e+01]
 [7.88000000e+02 1.03700000e+03 2.71642185e-03 1.30000000e+01]
 [7.94000000e+02 1.40000000e+01 1.19624066e-03 1.40000000e+01]
 [1.06500000e+03 1.40000000e+01 1.33495312e-03 1.50000000e+01]
 [4.76000000e+02 3.95000000e+02 9.50345304e-03 1.60000000e+01]
 [4.85000000e+02 6.15000000e+02 9.57549572e-01 1.70000000e+01]
 [4.46000000e+02 8.67000000e+02 7.91257620e-03 1.80000000e+01]
 [5.29000000e+02 9.67000000e+02 2.85154348e-03 1.90000000e+01]
 [7.30000000e+02 9.67000000e+02 3.97989480e-03 2.00000000e+01]
 [5.30000000e+02 9.68000000e+02 2.85298680e-03 2.10000000e+01]
 [8.65000000e+02 1.12500000e+03 1.69364002e-03 2.20000000e+01]
 [8.66000000e+02 1.12600000e+03 1.69361453e-03 2.30000000e+01]
 [7.01000000e+02 6.36000000e+02 1.49711408e-03 2.40000000e+01]
 [8.06000000e+02 6.37000000e+02 5.95894782e-03 2.50000000e+01]
 [7.00000000e+02 6.38000000e+02 1.47983897e-03 2.60000000e+01]
 [4.55000000e+02 7.33000000e+02 8.78309250e-01 2.70000000e+01]
 [7.82000000e+02 7.75000000e+02 1.87034567e-03 2.80000000e+01]
 [7.81000000e+02 7.78000000e+02 1.87027687e-03 2.90000000e+01]
 [2.25000000e+02 7.89000000e+02 5.35702659e-03 3.00000000e+01]
 [6.89000000e+02 7.91000000e+02 1.39977187e-02 3.10000000e+01]
 [7.89000000e+02 9.60000000e+02 1.10638747e-03 3.20000000e+01]
 [8.71000000e+02 1.13300000e+03 2.38708896e-03 3.30000000e+01]
 [1.40000000e+01 1.40000000e+01 1.68391725e-03 3.40000000e+01]
 [1.40000000e+01 2.08000000e+02 1.18331425e-03 3.50000000e+01]
 [4.78000000e+02 4.60000000e+02 1.11634296e-03 3.60000000e+01]
 [7.22000000e+02 5.91000000e+02 2.66583217e-03 3.70000000e+01]
 [4.99000000e+02 7.66000000e+02 7.43025899e-01 3.80000000e+01]
 [5.31000000e+02 1.03700000e+03 3.49630951e-03 3.90000000e+01]
 [7.91000000e+02 1.05400000e+03 1.30913942e-03 4.00000000e+01]
 [8.62000000e+02 1.13700000e+03 1.78472477e-03 4.10000000e+01]
 [6.23000000e+02 1.18800000e+03 2.32210034e-03 4.20000000e+01]
 [7.97000000e+02 1.20900000e+03 1.36214087e-03 4.30000000e+01]
 [3.08000000e+02 1.21400000e+03 1.91226066e-03 4.40000000e+01]
 [7.99000000e+02 1.36400000e+03 1.15836249e-03 4.50000000e+01]
 [4.30000000e+02 1.37400000e+03 1.60940504e-03 4.60000000e+01]
 [7.93000000e+02 1.40000000e+01 1.17860711e-03 4.70000000e+01]
 [1.06500000e+03 1.40000000e+01 1.42048555e-03 4.80000000e+01]
 [3.86000000e+02 5.23000000e+02 2.54187733e-03 4.90000000e+01]
 [2.94000000e+02 5.54000000e+02 2.23986828e-03 5.00000000e+01]
 [9.48000000e+02 5.58000000e+02 1.15563837e-03 5.10000000e+01]
 [6.75000000e+02 5.86000000e+02 8.81268799e-01 5.20000000e+01]
 [7.90000000e+02 8.73000000e+02 1.62801123e-03 5.30000000e+01]
 [5.39000000e+02 1.02100000e+03 2.91227200e-03 5.40000000e+01]
 [7.81000000e+02 1.02500000e+03 4.15382395e-03 5.50000000e+01]
 [6.23000000e+02 1.19900000e+03 1.52007374e-03 5.60000000e+01]
 [4.51000000e+02 5.28000000e+02 1.61974889e-03 5.70000000e+01]
 [7.52000000e+02 6.68000000e+02 8.74223351e-01 5.80000000e+01]
 [7.94000000e+02 9.48000000e+02 3.28718033e-03 5.90000000e+01]
 [9.60000000e+02 1.02200000e+03 1.14261336e-03 6.00000000e+01]
 [6.23000000e+02 1.05100000e+03 1.02258287e-03 6.10000000e+01]
 [8.79000000e+02 1.13900000e+03 1.28335936e-03 6.20000000e+01]
 [6.21000000e+02 1.20800000e+03 2.23213504e-03 6.30000000e+01]
 [4.58000000e+02 1.21200000e+03 1.62831682e-03 6.40000000e+01]
 [1.40000000e+01 1.40000000e+01 2.24426505e-03 6.50000000e+01]
 [1.40000000e+01 2.07000000e+02 1.42571959e-03 6.60000000e+01]
 [5.36000000e+02 4.59000000e+02 2.46620295e-03 6.70000000e+01]
 [6.96000000e+02 4.62000000e+02 2.19010515e-03 6.80000000e+01]
 [4.81000000e+02 6.21000000e+02 1.03717586e-02 6.90000000e+01]
 [4.79000000e+02 6.22000000e+02 1.03939567e-02 7.00000000e+01]
 [4.78000000e+02 6.23000000e+02 1.04135200e-02 7.10000000e+01]
 [9.44000000e+02 7.18000000e+02 7.41225900e-03 7.20000000e+01]
 [6.98000000e+02 7.51000000e+02 9.47287023e-01 7.30000000e+01]
 [3.72000000e+02 7.84000000e+02 4.03481349e-03 7.40000000e+01]
 [4.63000000e+02 7.85000000e+02 1.46559894e-03 7.50000000e+01]
 [9.51000000e+02 1.11800000e+03 4.13075928e-03 7.60000000e+01]
 [6.23000000e+02 1.12900000e+03 5.84534369e-03 7.70000000e+01]
 [1.40000000e+01 1.40000000e+01 1.58147910e-03 7.80000000e+01]
 [7.92000000e+02 5.63000000e+02 1.32833200e-03 7.90000000e+01]
 [7.59000000e+02 5.97000000e+02 1.15847413e-03 8.00000000e+01]
 [7.46000000e+02 6.15000000e+02 1.17668975e-03 8.10000000e+01]
 [7.45000000e+02 6.16000000e+02 1.17642910e-03 8.20000000e+01]
 [7.43000000e+02 6.19000000e+02 1.17329217e-03 8.30000000e+01]
 [6.98000000e+02 6.41000000e+02 1.76831766e-03 8.40000000e+01]
 [5.38000000e+02 8.50000000e+02 9.44340050e-01 8.50000000e+01]
 [7.80000000e+02 9.09000000e+02 1.42618436e-02 8.60000000e+01]
 [8.75000000e+02 1.12800000e+03 1.51280581e-03 8.70000000e+01]
 [6.43000000e+02 5.42000000e+02 2.94076093e-03 8.80000000e+01]
 [3.61000000e+02 7.72000000e+02 5.92749566e-03 8.90000000e+01]
 [6.83000000e+02 8.03000000e+02 3.67210014e-03 9.00000000e+01]
 [7.77000000e+02 9.59000000e+02 1.33952394e-03 9.10000000e+01]
 [9.34000000e+02 9.83000000e+02 6.35892898e-03 9.20000000e+01]
 [5.20000000e+02 1.02500000e+03 8.80421460e-01 9.30000000e+01]
 [5.42000000e+02 1.28200000e+03 3.87204392e-03 9.40000000e+01]
 [4.47000000e+02 1.37800000e+03 1.06352475e-03 9.50000000e+01]
 [1.40000000e+01 1.40000000e+01 1.17737672e-03 9.60000000e+01]
 [6.35000000e+02 5.42000000e+02 3.10538989e-03 9.70000000e+01]
 [2.89000000e+02 6.79000000e+02 1.43026805e-03 9.80000000e+01]
 [7.77000000e+02 7.11000000e+02 1.06791302e-03 9.90000000e+01]
 [3.77000000e+02 8.79000000e+02 4.24282579e-03 1.00000000e+02]
 [6.27000000e+02 8.85000000e+02 4.23117913e-03 1.01000000e+02]
 [1.06500000e+03 1.03500000e+03 1.01982674e-03 1.02000000e+02]
 [1.26000000e+02 1.04300000e+03 1.05590874e-03 1.03000000e+02]
 [6.87000000e+02 1.06300000e+03 2.34630369e-02 1.04000000e+02]
 [6.86000000e+02 1.06400000e+03 2.34546717e-02 1.05000000e+02]
 [9.57000000e+02 1.13000000e+03 2.15055887e-03 1.06000000e+02]
 [4.67000000e+02 1.19900000e+03 8.63806367e-01 1.07000000e+02]
 [2.16000000e+02 1.21400000e+03 1.92693144e-03 1.08000000e+02]
 [3.94000000e+02 1.44400000e+03 4.57517337e-03 1.09000000e+02]
 [3.96000000e+02 1.44500000e+03 4.55315178e-03 1.10000000e+02]
 [4.00000000e+02 1.44600000e+03 4.54672519e-03 1.11000000e+02]
 [5.07000000e+02 1.44700000e+03 4.38438496e-03 1.12000000e+02]
 [1.40000000e+01 1.40000000e+01 1.78353896e-03 1.13000000e+02]
 [6.23000000e+02 5.41000000e+02 2.34722672e-03 1.14000000e+02]
 [8.95000000e+02 6.08000000e+02 1.26993330e-03 1.15000000e+02]
 [3.74000000e+02 7.51000000e+02 3.21496255e-03 1.16000000e+02]
 [6.68000000e+02 8.38000000e+02 8.73436987e-01 1.17000000e+02]
 [8.93000000e+02 1.08600000e+03 1.04634627e-03 1.18000000e+02]
 [5.84000000e+02 1.12400000e+03 3.38531961e-03 1.19000000e+02]
 [6.23000000e+02 1.19800000e+03 2.03098240e-03 1.20000000e+02]
 [8.14000000e+02 1.21900000e+03 2.00690841e-03 1.21000000e+02]
 [1.40000000e+01 1.40000000e+01 2.43534148e-03 1.22000000e+02]
 [4.56000000e+02 5.45000000e+02 1.64343196e-03 1.23000000e+02]
 [6.98000000e+02 5.56000000e+02 5.30542247e-03 1.24000000e+02]
 [5.48000000e+02 6.25000000e+02 1.64380949e-03 1.25000000e+02]
 [8.81000000e+02 6.97000000e+02 2.47507077e-03 1.26000000e+02]
 [8.70000000e+02 7.09000000e+02 2.52217147e-03 1.27000000e+02]
 [8.68000000e+02 7.10000000e+02 2.53430149e-03 1.28000000e+02]
 [8.42000000e+02 7.16000000e+02 2.49104085e-03 1.29000000e+02]
 [8.37000000e+02 7.17000000e+02 2.49627419e-03 1.30000000e+02]
 [8.31000000e+02 7.18000000e+02 2.50663538e-03 1.31000000e+02]
 [4.55000000e+02 8.76000000e+02 6.18402241e-03 1.32000000e+02]
 [7.49000000e+02 9.92000000e+02 9.33882475e-01 1.33000000e+02]
 [2.91000000e+02 1.15400000e+03 1.01735000e-03 1.34000000e+02]
 [9.43000000e+02 1.31600000e+03 2.58807349e-03 1.35000000e+02]
 [8.09000000e+02 1.38200000e+03 1.90389436e-03 1.36000000e+02]
 [1.40000000e+01 1.40000000e+01 2.65639508e-03 1.37000000e+02]
 [1.40000000e+01 1.82000000e+02 1.01675326e-03 1.38000000e+02]
 [5.30000000e+02 5.34000000e+02 2.22706283e-03 1.39000000e+02]
 [7.04000000e+02 5.40000000e+02 2.83930823e-03 1.40000000e+02]
 [8.72000000e+02 5.91000000e+02 1.08705764e-03 1.41000000e+02]
 [8.72000000e+02 6.26000000e+02 1.07971556e-03 1.42000000e+02]
 [5.39000000e+02 7.20000000e+02 1.51780900e-03 1.43000000e+02]
 [3.74000000e+02 7.34000000e+02 1.15370622e-03 1.44000000e+02]
 [8.62000000e+02 8.00000000e+02 2.13398552e-03 1.45000000e+02]
 [8.63000000e+02 8.01000000e+02 2.13427423e-03 1.46000000e+02]
 [7.88000000e+02 8.88000000e+02 6.98673818e-03 1.47000000e+02]
 [5.53000000e+02 1.11800000e+03 3.92020680e-03 1.48000000e+02]
 [7.85000000e+02 1.15100000e+03 8.34792614e-01 1.49000000e+02]
 [1.02600000e+03 1.16900000e+03 3.17507191e-03 1.50000000e+02]
 [5.51000000e+02 1.28600000e+03 1.07734487e-03 1.51000000e+02]
 [5.52000000e+02 1.28800000e+03 1.06075371e-03 1.52000000e+02]
 [5.53000000e+02 1.29100000e+03 1.04448141e-03 1.53000000e+02]
 [8.08000000e+02 1.44700000e+03 2.00987118e-03 1.54000000e+02]
 [7.78000000e+02 4.89000000e+02 5.84625779e-03 1.55000000e+02]
 [3.01000000e+02 5.16000000e+02 4.03762423e-03 1.56000000e+02]
 [5.43000000e+02 5.19000000e+02 9.37541723e-01 1.57000000e+02]
 [5.34000000e+02 8.76000000e+02 8.05652514e-03 1.58000000e+02]
 [7.34000000e+02 8.76000000e+02 2.09567393e-03 1.59000000e+02]
 [4.57000000e+02 1.21000000e+03 1.04392767e-02 1.60000000e+02]
 [8.05000000e+02 1.28300000e+03 1.09854573e-03 1.61000000e+02]
 [5.87000000e+02 5.12000000e+02 9.18097138e-01 1.62000000e+02]
 [3.76000000e+02 7.05000000e+02 1.28770596e-03 1.63000000e+02]
 [3.52000000e+02 7.29000000e+02 1.78265094e-03 1.64000000e+02]
 [8.09000000e+02 7.43000000e+02 1.22196751e-03 1.65000000e+02]
 [6.15000000e+02 7.88000000e+02 2.95179337e-03 1.66000000e+02]
 [7.06000000e+02 8.76000000e+02 1.21115171e-03 1.67000000e+02]
 [4.47000000e+02 9.59000000e+02 1.84445945e-03 1.68000000e+02]
 [8.71000000e+02 1.04100000e+03 1.77520292e-03 1.69000000e+02]
 [1.40000000e+01 2.88000000e+02 1.01069035e-03 1.70000000e+02]
 [5.24000000e+02 5.26000000e+02 6.77603483e-01 1.71000000e+02]
 [7.17000000e+02 7.19000000e+02 3.25269159e-03 1.72000000e+02]
 [7.18000000e+02 7.20000000e+02 3.25086270e-03 1.73000000e+02]
 [4.48000000e+02 8.77000000e+02 1.28975976e-03 1.74000000e+02]
 [7.05000000e+02 9.58000000e+02 4.34607081e-03 1.75000000e+02]
 [5.82000000e+02 1.21000000e+03 3.50064458e-03 1.76000000e+02]
 [8.64000000e+02 4.57000000e+02 1.27330457e-03 1.77000000e+02]
 [8.65000000e+02 4.58000000e+02 1.26975123e-03 1.78000000e+02]
 [3.87000000e+02 4.77000000e+02 6.84546493e-03 1.79000000e+02]
 [6.16000000e+02 5.00000000e+02 8.08602035e-01 1.80000000e+02]
 [2.91000000e+02 5.26000000e+02 1.06303405e-03 1.81000000e+02]
 [7.16000000e+02 9.59000000e+02 2.41798162e-03 1.82000000e+02]]