[[6.19000000e+02 5.25000000e+02 9.34048533e-01 0.00000000e+00]
 [6.25000000e+02 5.89000000e+02 9.42959309e-01 1.00000000e+00]
 [5.28000000e+02 5.93000000e+02 9.22405958e-01 2.00000000e+00]
 [4.56000000e+02 6.89000000e+02 8.79963040e-01 3.00000000e+00]
 [4.97000000e+02 7.39000000e+02 5.33038855e-01 4.00000000e+00]
 [7.18000000e+02 5.77000000e+02 9.04878020e-01 5.00000000e+00]
 [7.90000000e+02 6.79000000e+02 9.21735525e-01 6.00000000e+00]
 [7.20000000e+02 7.65000000e+02 9.60236311e-01 7.00000000e+00]
 [5.53000000e+02 8.31000000e+02 9.42542493e-01 8.00000000e+00]
 [5.25000000e+02 1.02100000e+03 8.90675545e-01 9.00000000e+00]
 [4.67000000e+02 1.19700000e+03 8.36336851e-01 1.00000000e+01]
 [6.97000000e+02 8.29000000e+02 8.99626076e-01 1.10000000e+01]
 [7.68000000e+02 9.89000000e+02 8.81878972e-01 1.20000000e+01]
 [7.89000000e+02 1.16900000e+03 7.48169780e-01 1.30000000e+01]
 [5.99000000e+02 5.02000000e+02 8.96794260e-01 1.40000000e+01]
 [6.34000000e+02 4.98000000e+02 9.15686607e-01 1.50000000e+01]
 [5.61000000e+02 5.14000000e+02 6.91905260e-01 1.60000000e+01]
 [6.74000000e+02 4.91000000e+02 8.08066547e-01 1.70000000e+01]]