[[1.46000000e+02 4.99000000e+02 1.02069628e+00 0.00000000e+00]
 [2.59000000e+02 5.09000000e+02 7.78138340e-01 1.00000000e+00]
 [2.48000000e+02 5.11000000e+02 6.74852312e-01 2.00000000e+00]
 [3.00000000e+02 6.34000000e+02 2.68916130e-01 3.00000000e+00]
 [2.85000000e+02 6.91000000e+02 2.51270175e-01 4.00000000e+00]
 [2.78000000e+02 5.12000000e+02 8.60137641e-01 5.00000000e+00]
 [3.09000000e+02 6.39000000e+02 9.48535562e-01 6.00000000e+00]
 [2.32000000e+02 6.80000000e+02 7.83634067e-01 7.00000000e+00]
 [3.53000000e+02 6.84000000e+02 8.74669373e-01 8.00000000e+00]
 [2.53000000e+02 7.88000000e+02 9.54169631e-01 9.00000000e+00]
 [2.53000000e+02 9.54000000e+02 9.26314056e-01 1.00000000e+01]
 [4.30000000e+02 6.77000000e+02 8.76964450e-01 1.10000000e+01]
 [4.63000000e+02 8.40000000e+02 8.96273911e-01 1.20000000e+01]
 [5.42000000e+02 9.59000000e+02 9.33926046e-01 1.30000000e+01]
 [1.38000000e+02 4.85000000e+02 2.77322769e-01 1.40000000e+01]
 [1.48000000e+02 4.74000000e+02 1.00029516e+00 1.50000000e+01]
 [1.99000000e+02 4.44000000e+02 9.44614172e-01 1.60000000e+01]]