[[1.39000000e+02 5.29000000e+02 1.00504589e+00 0.00000000e+00]
 [2.45000000e+02 5.32000000e+02 8.15591931e-01 1.00000000e+00]
 [2.24000000e+02 5.40000000e+02 6.91770732e-01 2.00000000e+00]
 [2.72000000e+02 6.67000000e+02 2.96398282e-01 3.00000000e+00]
 [2.49000000e+02 6.94000000e+02 2.33271614e-01 4.00000000e+00]
 [2.62000000e+02 5.36000000e+02 9.32801366e-01 5.00000000e+00]
 [3.03000000e+02 6.73000000e+02 8.79148364e-01 6.00000000e+00]
 [2.45000000e+02 6.97000000e+02 6.65527046e-01 7.00000000e+00]
 [3.42000000e+02 6.91000000e+02 7.63552427e-01 8.00000000e+00]
 [2.39000000e+02 7.77000000e+02 9.40244853e-01 9.00000000e+00]
 [2.50000000e+02 9.47000000e+02 9.09873903e-01 1.00000000e+01]
 [4.19000000e+02 6.83000000e+02 8.56158555e-01 1.10000000e+01]
 [4.59000000e+02 8.51000000e+02 8.76040518e-01 1.20000000e+01]
 [5.46000000e+02 9.54000000e+02 9.03964281e-01 1.30000000e+01]
 [1.26000000e+02 5.20000000e+02 4.42805409e-01 1.40000000e+01]
 [1.40000000e+02 5.09000000e+02 9.45254862e-01 1.50000000e+01]
 [1.87000000e+02 4.74000000e+02 9.67640936e-01 1.60000000e+01]]