[[1.33000000e+02 5.40000000e+02 9.61465836e-01 0.00000000e+00]
 [2.48000000e+02 5.43000000e+02 7.47775137e-01 1.00000000e+00]
 [2.38000000e+02 5.46000000e+02 6.12789571e-01 2.00000000e+00]
 [2.89000000e+02 6.91000000e+02 2.84888804e-01 3.00000000e+00]
 [2.97000000e+02 7.32000000e+02 1.95048183e-01 4.00000000e+00]
 [2.53000000e+02 5.54000000e+02 8.85918856e-01 5.00000000e+00]
 [3.02000000e+02 6.87000000e+02 9.43508267e-01 6.00000000e+00]
 [2.50000000e+02 7.44000000e+02 5.88829041e-01 7.00000000e+00]
 [3.66000000e+02 6.94000000e+02 6.85475826e-01 8.00000000e+00]
 [2.52000000e+02 7.76000000e+02 9.07266319e-01 9.00000000e+00]
 [2.52000000e+02 9.53000000e+02 9.30427074e-01 1.00000000e+01]
 [4.36000000e+02 6.86000000e+02 8.33658934e-01 1.10000000e+01]
 [4.54000000e+02 8.55000000e+02 8.37988794e-01 1.20000000e+01]
 [5.36000000e+02 9.52000000e+02 9.02837217e-01 1.30000000e+01]
 [1.09000000e+02 5.28000000e+02 3.80401284e-01 1.40000000e+01]
 [1.31000000e+02 5.22000000e+02 9.55002606e-01 1.50000000e+01]
 [1.77000000e+02 4.91000000e+02 9.41473007e-01 1.60000000e+01]]