[[3.76000000e+02 4.80000000e+02 2.46243109e-03 0.00000000e+00]
 [3.75000000e+02 4.81000000e+02 2.44359835e-03 1.00000000e+00]
 [6.63000000e+02 5.16000000e+02 8.66974890e-01 2.00000000e+00]
 [9.62000000e+02 6.42000000e+02 1.80292886e-03 3.00000000e+00]
 [9.63000000e+02 6.43000000e+02 1.80522481e-03 4.00000000e+00]
 [9.09000000e+02 7.28000000e+02 1.26670185e-03 5.00000000e+00]
 [1.06500000e+03 7.82000000e+02 1.12442789e-03 6.00000000e+00]
 [5.72000000e+02 7.92000000e+02 2.50037620e-03 7.00000000e+00]
 [7.69000000e+02 7.92000000e+02 3.94378928e-03 8.00000000e+00]
 [4.48000000e+02 8.82000000e+02 1.39433681e-03 9.00000000e+00]
 [6.00000000e+02 1.04700000e+03 1.27620588e-03 1.00000000e+01]
 [7.90000000e+02 1.06000000e+03 1.81822863e-03 1.10000000e+01]
 [4.58000000e+02 1.21000000e+03 1.10806234e-03 1.20000000e+01]
 [4.31000000e+02 3.52000000e+02 1.04497350e-03 1.30000000e+01]
 [6.38000000e+02 5.90000000e+02 9.19269800e-01 1.40000000e+01]
 [3.79000000e+02 6.03000000e+02 1.82242692e-03 1.50000000e+01]
 [8.50000000e+02 6.26000000e+02 1.12322951e-02 1.60000000e+01]
 [6.20000000e+02 8.75000000e+02 2.31872103e-03 1.70000000e+01]
 [7.86000000e+02 9.49000000e+02 1.95338461e-03 1.80000000e+01]
 [5.41000000e+02 9.57000000e+02 3.02385120e-03 1.90000000e+01]
 [7.91000000e+02 1.40000000e+01 1.48402166e-03 2.00000000e+01]
 [7.45000000e+02 3.63000000e+02 1.04461878e-03 2.10000000e+01]
 [3.00000000e+02 5.46000000e+02 2.26872368e-03 2.20000000e+01]
 [9.53000000e+02 5.86000000e+02 4.49177762e-03 2.30000000e+01]
 [5.49000000e+02 5.87000000e+02 9.39652264e-01 2.40000000e+01]
 [7.72000000e+02 6.14000000e+02 2.40508318e-02 2.50000000e+01]
 [8.62000000e+02 6.24000000e+02 2.87821027e-03 2.60000000e+01]
 [8.67000000e+02 7.94000000e+02 1.72960747e-03 2.70000000e+01]
 [3.54000000e+02 8.15000000e+02 1.55916181e-03 2.80000000e+01]
 [4.55000000e+02 8.76000000e+02 6.81518717e-03 2.90000000e+01]
 [4.54000000e+02 8.77000000e+02 6.79433811e-03 3.00000000e+01]
 [7.83000000e+02 9.62000000e+02 3.12523521e-03 3.10000000e+01]
 [5.37000000e+02 9.65000000e+02 3.16173187e-03 3.20000000e+01]
 [5.38000000e+02 9.66000000e+02 3.16651003e-03 3.30000000e+01]
 [6.26000000e+02 1.20900000e+03 1.59037113e-03 3.40000000e+01]
 [4.56000000e+02 3.76000000e+02 2.15573050e-03 3.50000000e+01]
 [7.84000000e+02 6.18000000e+02 7.85129517e-03 3.60000000e+01]
 [8.67000000e+02 6.44000000e+02 4.90503013e-03 3.70000000e+01]
 [8.68000000e+02 6.45000000e+02 4.90900734e-03 3.80000000e+01]
 [3.04000000e+02 6.99000000e+02 7.36917183e-03 3.90000000e+01]
 [5.31000000e+02 7.00000000e+02 7.83188581e-01 4.00000000e+01]
 [8.74000000e+02 7.70000000e+02 5.23202354e-03 4.10000000e+01]
 [7.92000000e+02 9.60000000e+02 2.73437705e-03 4.20000000e+01]
 [4.56000000e+02 1.21000000e+03 1.10171805e-03 4.30000000e+01]
 [6.24000000e+02 1.21000000e+03 1.88171223e-03 4.40000000e+01]
 [8.01000000e+02 1.23300000e+03 1.01111049e-03 4.50000000e+01]
 [1.40000000e+01 1.40000000e+01 1.34710642e-03 4.60000000e+01]
 [4.57000000e+02 3.78000000e+02 1.79273437e-03 4.70000000e+01]
 [7.89000000e+02 5.35000000e+02 5.19050378e-03 4.80000000e+01]
 [5.77000000e+02 5.60000000e+02 4.47796956e-02 4.90000000e+01]
 [1.06500000e+03 6.30000000e+02 2.50933389e-03 5.00000000e+01]
 [2.99000000e+02 7.89000000e+02 3.82847502e-03 5.10000000e+01]
 [8.62000000e+02 7.89000000e+02 4.97235637e-03 5.20000000e+01]
 [6.11000000e+02 8.01000000e+02 5.59596896e-01 5.30000000e+01]
 [5.77000000e+02 1.03400000e+03 4.98714112e-03 5.40000000e+01]
 [5.71000000e+02 1.03500000e+03 4.98585543e-03 5.50000000e+01]
 [7.91000000e+02 1.14500000e+03 1.50224974e-03 5.60000000e+01]
 [6.33000000e+02 1.19800000e+03 2.92233494e-03 5.70000000e+01]
 [3.22000000e+02 1.20900000e+03 1.63068436e-03 5.80000000e+01]
 [5.34000000e+02 1.32500000e+03 3.39682004e-03 5.90000000e+01]
 [5.33000000e+02 1.32600000e+03 3.39715090e-03 6.00000000e+01]
 [4.77000000e+02 1.37400000e+03 3.46531300e-03 6.10000000e+01]
 [7.90000000e+02 1.40000000e+01 1.52016093e-03 6.20000000e+01]
 [3.77000000e+02 4.78000000e+02 1.83371548e-03 6.30000000e+01]
 [7.27000000e+02 5.91000000e+02 8.66059184e-01 6.40000000e+01]
 [4.63000000e+02 6.07000000e+02 6.87239785e-03 6.50000000e+01]
 [3.84000000e+02 6.14000000e+02 2.68667075e-03 6.60000000e+01]
 [9.78000000e+02 8.23000000e+02 1.09353603e-03 6.70000000e+01]
 [8.86000000e+02 8.76000000e+02 1.50631974e-03 6.80000000e+01]
 [7.91000000e+02 9.69000000e+02 2.30974099e-03 6.90000000e+01]
 [5.38000000e+02 9.83000000e+02 2.72101094e-03 7.00000000e+01]
 [6.26000000e+02 1.20000000e+03 1.69994670e-03 7.10000000e+01]
 [5.40000000e+02 4.61000000e+02 1.45717268e-03 7.20000000e+01]
 [7.98000000e+02 4.78000000e+02 1.16611328e-02 7.30000000e+01]
 [7.77000000e+02 6.98000000e+02 8.79872561e-01 7.40000000e+01]
 [1.03000000e+03 7.20000000e+02 1.62525463e-03 7.50000000e+01]
 [5.53000000e+02 7.21000000e+02 5.03858365e-03 7.60000000e+01]
 [6.07000000e+02 9.90000000e+02 1.79242657e-03 7.70000000e+01]
 [8.80000000e+02 1.04300000e+03 1.51195144e-03 7.80000000e+01]
 [6.28000000e+02 1.20900000e+03 2.30108993e-03 7.90000000e+01]
 [4.57000000e+02 1.21100000e+03 2.19809986e-03 8.00000000e+01]
 [1.40000000e+01 1.40000000e+01 1.59146625e-03 8.10000000e+01]
 [5.61000000e+02 4.70000000e+02 8.95193126e-03 8.20000000e+01]
 [6.94000000e+02 5.51000000e+02 1.79702807e-02 8.30000000e+01]
 [1.06500000e+03 6.22000000e+02 1.69016572e-03 8.40000000e+01]
 [7.46000000e+02 7.92000000e+02 9.80461538e-01 8.50000000e+01]
 [4.55000000e+02 8.76000000e+02 4.19809669e-03 8.60000000e+01]
 [6.39000000e+02 1.03500000e+03 2.34543090e-03 8.70000000e+01]
 [8.92000000e+02 1.03500000e+03 8.33648350e-03 8.80000000e+01]
 [6.42000000e+02 1.12500000e+03 2.89935479e-03 8.90000000e+01]
 [8.74000000e+02 1.37700000e+03 2.53823237e-03 9.00000000e+01]
 [7.80000000e+02 6.28000000e+02 1.68176251e-03 9.10000000e+01]
 [8.63000000e+02 6.36000000e+02 1.96862174e-03 9.20000000e+01]
 [3.00000000e+02 8.26000000e+02 1.77522725e-03 9.30000000e+01]
 [5.60000000e+02 8.45000000e+02 9.32857156e-01 9.40000000e+01]
 [6.26000000e+02 1.12600000e+03 1.24378875e-03 9.50000000e+01]
 [6.24000000e+02 1.20500000e+03 1.54457043e-03 9.60000000e+01]
 [4.56000000e+02 1.21000000e+03 1.10766105e-03 9.70000000e+01]
 [9.47000000e+02 1.40000000e+01 1.02538790e-03 9.80000000e+01]
 [3.73000000e+02 5.40000000e+02 1.32431393e-03 9.90000000e+01]
 [7.18000000e+02 5.41000000e+02 3.85444378e-03 1.00000000e+02]
 [3.86000000e+02 7.13000000e+02 1.67442299e-03 1.01000000e+02]
 [3.48000000e+02 7.63000000e+02 1.61989965e-03 1.02000000e+02]
 [9.55000000e+02 8.84000000e+02 5.53215109e-03 1.03000000e+02]
 [3.03000000e+02 9.97000000e+02 4.69259173e-03 1.04000000e+02]
 [5.28000000e+02 1.01300000e+03 8.64704967e-01 1.05000000e+02]
 [8.83000000e+02 1.02500000e+03 3.21299769e-03 1.06000000e+02]
 [8.72000000e+02 1.26200000e+03 1.05405040e-03 1.07000000e+02]
 [5.43000000e+02 1.28600000e+03 2.05203379e-03 1.08000000e+02]
 [4.46000000e+02 1.37800000e+03 1.56702567e-03 1.09000000e+02]
 [1.14000000e+02 1.40000000e+01 1.28023373e-03 1.10000000e+02]
 [6.83000000e+02 5.41000000e+02 5.10093803e-03 1.11000000e+02]
 [8.79000000e+02 6.39000000e+02 1.37635251e-03 1.12000000e+02]
 [6.21000000e+02 7.05000000e+02 3.95682547e-03 1.13000000e+02]
 [6.88000000e+02 7.89000000e+02 3.87052866e-03 1.14000000e+02]
 [4.50000000e+02 7.92000000e+02 4.19545267e-03 1.15000000e+02]
 [9.57000000e+02 8.76000000e+02 1.32845656e-03 1.16000000e+02]
 [3.88000000e+02 8.80000000e+02 2.70629860e-03 1.17000000e+02]
 [6.21000000e+02 8.97000000e+02 3.86692816e-03 1.18000000e+02]
 [9.56000000e+02 1.13900000e+03 5.45305014e-03 1.19000000e+02]
 [4.67000000e+02 1.20300000e+03 8.54307890e-01 1.20000000e+02]
 [7.72000000e+02 1.21000000e+03 2.02394724e-02 1.21000000e+02]
 [2.18000000e+02 1.26400000e+03 2.03801063e-03 1.22000000e+02]
 [2.19000000e+02 1.27100000e+03 2.00534682e-03 1.23000000e+02]
 [9.48000000e+02 1.28200000e+03 5.28819626e-03 1.24000000e+02]
 [3.99000000e+02 1.43900000e+03 6.06500218e-03 1.25000000e+02]
 [4.03000000e+02 1.44000000e+03 6.09814702e-03 1.26000000e+02]
 [4.82000000e+02 1.44600000e+03 6.11552456e-03 1.27000000e+02]
 [7.15000000e+02 5.32000000e+02 2.86208023e-03 1.28000000e+02]
 [8.95000000e+02 6.07000000e+02 1.64611114e-03 1.29000000e+02]
 [3.74000000e+02 7.31000000e+02 2.30609952e-03 1.30000000e+02]
 [4.77000000e+02 7.98000000e+02 8.32634512e-03 1.31000000e+02]
 [4.76000000e+02 7.99000000e+02 8.36708955e-03 1.32000000e+02]
 [9.46000000e+02 8.40000000e+02 2.56992993e-03 1.33000000e+02]
 [6.96000000e+02 8.45000000e+02 8.71337950e-01 1.34000000e+02]
 [8.92000000e+02 1.06600000e+03 2.71097547e-03 1.35000000e+02]
 [5.79000000e+02 1.12400000e+03 3.43193067e-03 1.36000000e+02]
 [6.11000000e+02 1.18100000e+03 1.86407077e-03 1.37000000e+02]
 [6.32000000e+02 1.20100000e+03 1.95181195e-03 1.38000000e+02]
 [8.51000000e+02 1.23300000e+03 1.95038004e-03 1.39000000e+02]
 [1.40000000e+01 1.40000000e+01 1.40401593e-03 1.40000000e+02]
 [5.39000000e+02 5.38000000e+02 3.60492384e-03 1.41000000e+02]
 [7.12000000e+02 5.43000000e+02 9.80520528e-03 1.42000000e+02]
 [8.71000000e+02 7.11000000e+02 2.22444721e-03 1.43000000e+02]
 [7.73000000e+02 1.00400000e+03 9.06680167e-01 1.44000000e+02]
 [1.03000000e+03 1.01800000e+03 1.62103877e-03 1.45000000e+02]
 [2.95000000e+02 1.17000000e+03 1.07381470e-03 1.46000000e+02]
 [7.88000000e+02 1.28900000e+03 3.51489172e-03 1.47000000e+02]
 [9.54000000e+02 1.33700000e+03 3.14310123e-03 1.48000000e+02]
 [8.21000000e+02 1.45700000e+03 2.25946493e-03 1.49000000e+02]
 [0.00000000e+00 1.40000000e+01 1.06925226e-03 1.50000000e+02]
 [1.01000000e+02 1.40000000e+01 1.28148810e-03 1.51000000e+02]
 [7.05000000e+02 5.43000000e+02 6.18015695e-03 1.52000000e+02]
 [7.80000000e+02 7.93000000e+02 7.83077907e-03 1.53000000e+02]
 [7.01000000e+02 8.77000000e+02 5.52625535e-03 1.54000000e+02]
 [8.70000000e+02 8.85000000e+02 4.72961320e-03 1.55000000e+02]
 [5.55000000e+02 1.14600000e+03 4.72019333e-03 1.56000000e+02]
 [7.86000000e+02 1.19900000e+03 7.65094995e-01 1.57000000e+02]
 [1.02600000e+03 1.19900000e+03 2.92164902e-03 1.58000000e+02]
 [8.13000000e+02 1.53300000e+03 1.12041680e-03 1.59000000e+02]
 [3.81000000e+02 4.67000000e+02 2.25735689e-03 1.60000000e+02]
 [6.42000000e+02 4.91000000e+02 8.86019707e-01 1.61000000e+02]
 [9.57000000e+02 6.37000000e+02 1.05245842e-03 1.62000000e+02]
 [8.06000000e+02 7.93000000e+02 1.16017903e-03 1.63000000e+02]
 [7.18000000e+02 8.78000000e+02 1.20455178e-03 1.64000000e+02]
 [7.88000000e+02 9.50000000e+02 1.49377680e-03 1.65000000e+02]
 [4.57000000e+02 1.21000000e+03 1.18670929e-02 1.66000000e+02]
 [7.90000000e+02 1.21000000e+03 3.14569939e-03 1.67000000e+02]
 [9.46000000e+02 4.50000000e+02 1.27726537e-03 1.68000000e+02]
 [6.84000000e+02 4.89000000e+02 8.68749559e-01 1.69000000e+02]
 [7.50000000e+02 7.89000000e+02 2.38836138e-03 1.70000000e+02]
 [4.49000000e+02 9.05000000e+02 1.62977073e-03 1.71000000e+02]
 [8.68000000e+02 4.57000000e+02 1.87276420e-03 1.72000000e+02]
 [6.06000000e+02 4.98000000e+02 8.02544057e-01 1.73000000e+02]
 [9.56000000e+02 6.27000000e+02 1.38947624e-03 1.74000000e+02]
 [7.96000000e+02 7.74000000e+02 2.37984816e-03 1.75000000e+02]
 [7.95000000e+02 7.75000000e+02 2.37803021e-03 1.76000000e+02]
 [7.28000000e+02 9.61000000e+02 3.44792870e-03 1.77000000e+02]
 [7.92000000e+02 1.11900000e+03 2.01422162e-03 1.78000000e+02]
 [3.75000000e+02 4.79000000e+02 1.40608568e-03 1.79000000e+02]
 [6.85000000e+02 4.90000000e+02 3.55457634e-01 1.80000000e+02]
 [9.54000000e+02 6.19000000e+02 1.11655367e-03 1.81000000e+02]
 [7.35000000e+02 9.64000000e+02 2.14834744e-03 1.82000000e+02]
 [7.94000000e+02 1.11600000e+03 1.18791347e-03 1.83000000e+02]]