[[6.63000000e+02 5.29000000e+02 9.19040382e-01 0.00000000e+00]
 [6.56000000e+02 5.86000000e+02 8.93716276e-01 1.00000000e+00]
 [5.67000000e+02 5.78000000e+02 8.98485839e-01 2.00000000e+00]
 [4.97000000e+02 6.89000000e+02 8.53033781e-01 3.00000000e+00]
 [4.87000000e+02 7.48000000e+02 6.86218619e-01 4.00000000e+00]
 [7.55000000e+02 5.97000000e+02 8.62181664e-01 5.00000000e+00]
 [7.81000000e+02 7.14000000e+02 8.20654988e-01 6.00000000e+00]
 [7.55000000e+02 7.92000000e+02 8.48882318e-01 7.00000000e+00]
 [5.59000000e+02 8.31000000e+02 9.06966329e-01 8.00000000e+00]
 [5.27000000e+02 1.01300000e+03 9.19165432e-01 9.00000000e+00]
 [4.69000000e+02 1.19100000e+03 8.50162864e-01 1.00000000e+01]
 [6.96000000e+02 8.36000000e+02 8.82220209e-01 1.10000000e+01]
 [7.56000000e+02 9.92000000e+02 9.09123123e-01 1.20000000e+01]
 [7.88000000e+02 1.16500000e+03 8.06084394e-01 1.30000000e+01]
 [6.41000000e+02 5.01000000e+02 9.21753168e-01 1.40000000e+01]
 [6.88000000e+02 5.01000000e+02 9.32653785e-01 1.50000000e+01]
 [6.17000000e+02 4.93000000e+02 7.30141997e-01 1.60000000e+01]
 [7.11000000e+02 4.88000000e+02 7.39273667e-01 1.70000000e+01]]