[[6.80000000e+02 4.96000000e+02 8.49904180e-01 0.00000000e+00]
 [6.54000000e+02 5.74000000e+02 9.17517662e-01 1.00000000e+00]
 [5.74000000e+02 5.67000000e+02 8.96833897e-01 2.00000000e+00]
 [5.64000000e+02 6.47000000e+02 5.04610956e-01 3.00000000e+00]
 [7.30000000e+02 5.78000000e+02 8.97114575e-01 4.00000000e+00]
 [7.70000000e+02 6.94000000e+02 8.78229320e-01 5.00000000e+00]
 [7.56000000e+02 7.88000000e+02 9.13043261e-01 6.00000000e+00]
 [5.71000000e+02 8.44000000e+02 9.66989040e-01 7.00000000e+00]
 [5.44000000e+02 1.03300000e+03 9.20639694e-01 8.00000000e+00]
 [4.69000000e+02 1.19500000e+03 8.37315440e-01 9.00000000e+00]
 [6.96000000e+02 8.46000000e+02 9.49019492e-01 1.00000000e+01]
 [7.98000000e+02 1.00500000e+03 9.06616986e-01 1.10000000e+01]
 [8.10000000e+02 1.18300000e+03 7.64114261e-01 1.20000000e+01]
 [6.66000000e+02 4.76000000e+02 8.65166545e-01 1.30000000e+01]
 [6.97000000e+02 4.78000000e+02 8.61652792e-01 1.40000000e+01]
 [6.29000000e+02 4.73000000e+02 7.59692907e-01 1.50000000e+01]]