[[3.68000000e+02 3.76000000e+02 9.41081464e-01 0.00000000e+00]
 [3.95000000e+02 4.33000000e+02 9.22659516e-01 1.00000000e+00]
 [3.09000000e+02 4.32000000e+02 1.01636732e+00 2.00000000e+00]
 [2.92000000e+02 5.67000000e+02 9.40965533e-01 3.00000000e+00]
 [3.75000000e+02 4.81000000e+02 9.70969856e-01 4.00000000e+00]
 [4.76000000e+02 4.35000000e+02 9.15994406e-01 5.00000000e+00]
 [5.15000000e+02 5.21000000e+02 8.78679276e-01 6.00000000e+00]
 [4.93000000e+02 5.97000000e+02 9.86789465e-01 7.00000000e+00]
 [3.21000000e+02 6.65000000e+02 8.60688388e-01 8.00000000e+00]
 [2.59000000e+02 8.14000000e+02 9.70867991e-01 9.00000000e+00]
 [2.43000000e+02 9.68000000e+02 9.29402471e-01 1.00000000e+01]
 [4.30000000e+02 6.62000000e+02 8.34022582e-01 1.10000000e+01]
 [4.79000000e+02 8.06000000e+02 9.18910384e-01 1.20000000e+01]
 [5.36000000e+02 9.54000000e+02 9.41707075e-01 1.30000000e+01]
 [3.56000000e+02 3.59000000e+02 9.55654740e-01 1.40000000e+01]
 [3.88000000e+02 3.59000000e+02 9.40122545e-01 1.50000000e+01]
 [3.36000000e+02 3.59000000e+02 2.88034916e-01 1.60000000e+01]
 [4.26000000e+02 3.52000000e+02 9.48910177e-01 1.70000000e+01]]