[[6.17000000e+02 3.02000000e+02 3.72039666e-03 0.00000000e+00]
 [8.63000000e+02 5.31000000e+02 1.99434184e-03 1.00000000e+00]
 [6.09000000e+02 5.46000000e+02 9.36614156e-01 2.00000000e+00]
 [8.17000000e+02 7.37000000e+02 1.57642632e-03 3.00000000e+00]
 [6.19000000e+02 7.80000000e+02 5.72139258e-03 4.00000000e+00]
 [4.57000000e+02 7.90000000e+02 7.25590810e-03 5.00000000e+00]
 [1.06500000e+03 8.37000000e+02 1.41994574e-03 6.00000000e+00]
 [5.40000000e+02 8.78000000e+02 2.03579222e-03 7.00000000e+00]
 [6.94000000e+02 1.04500000e+03 1.21067034e-03 8.00000000e+00]
 [5.48000000e+02 1.04900000e+03 1.23970711e-03 9.00000000e+00]
 [5.49000000e+02 1.05000000e+03 1.24056719e-03 1.00000000e+01]
 [6.20000000e+02 1.10500000e+03 1.12879754e-03 1.10000000e+01]
 [5.05000000e+02 1.20900000e+03 1.98192568e-03 1.20000000e+01]
 [6.44000000e+02 6.09000000e+02 9.48156834e-01 1.30000000e+01]
 [8.95000000e+02 8.08000000e+02 1.33719947e-03 1.40000000e+01]
 [7.02000000e+02 8.70000000e+02 2.81236414e-03 1.50000000e+01]
 [6.06000000e+02 9.64000000e+02 2.62963539e-03 1.60000000e+01]
 [8.00000000e+02 1.40000000e+01 1.48801238e-03 1.70000000e+01]
 [5.99000000e+02 3.85000000e+02 3.23291821e-03 1.80000000e+01]
 [9.55000000e+02 4.78000000e+02 1.44847762e-03 1.90000000e+01]
 [9.53000000e+02 6.08000000e+02 1.31276634e-03 2.00000000e+01]
 [7.78000000e+02 6.13000000e+02 9.46904160e-03 2.10000000e+01]
 [5.48000000e+02 6.26000000e+02 9.83115137e-01 2.20000000e+01]
 [2.99000000e+02 6.27000000e+02 2.21575145e-03 2.30000000e+01]
 [1.06500000e+03 7.11000000e+02 2.41849525e-03 2.40000000e+01]
 [5.08000000e+02 8.65000000e+02 2.00321786e-02 2.50000000e+01]
 [8.72000000e+02 9.04000000e+02 1.71038380e-03 2.60000000e+01]
 [7.99000000e+02 1.08700000e+03 2.11341726e-03 2.70000000e+01]
 [5.40000000e+02 4.56000000e+02 1.37473037e-03 2.80000000e+01]
 [6.96000000e+02 5.60000000e+02 2.97052902e-03 2.90000000e+01]
 [9.45000000e+02 5.87000000e+02 5.25490893e-03 3.00000000e+01]
 [9.44000000e+02 5.88000000e+02 5.25353290e-03 3.10000000e+01]
 [9.43000000e+02 5.90000000e+02 5.25181042e-03 3.20000000e+01]
 [9.42000000e+02 5.91000000e+02 5.25166746e-03 3.30000000e+01]
 [9.00000000e+02 6.24000000e+02 5.53315645e-03 3.40000000e+01]
 [1.06500000e+03 6.99000000e+02 4.60942695e-03 3.50000000e+01]
 [3.07000000e+02 7.47000000e+02 1.83770228e-02 3.60000000e+01]
 [5.20000000e+02 7.73000000e+02 9.09224749e-01 3.70000000e+01]
 [7.86000000e+02 7.88000000e+02 7.16189109e-03 3.80000000e+01]
 [8.62000000e+02 7.90000000e+02 5.36596030e-03 3.90000000e+01]
 [8.72000000e+02 9.60000000e+02 2.16847076e-03 4.00000000e+01]
 [5.35000000e+02 1.02900000e+03 7.78496685e-03 4.10000000e+01]
 [3.81000000e+02 1.03500000e+03 1.15118106e-03 4.20000000e+01]
 [7.89000000e+02 1.12500000e+03 1.24228082e-03 4.30000000e+01]
 [1.40000000e+01 1.40000000e+01 2.46226508e-03 4.40000000e+01]
 [5.41000000e+02 4.62000000e+02 2.18268740e-03 4.50000000e+01]
 [6.92000000e+02 5.42000000e+02 4.03966988e-03 4.60000000e+01]
 [1.06500000e+03 6.01000000e+02 2.59731128e-03 4.70000000e+01]
 [4.41000000e+02 7.87000000e+02 8.83045673e-01 4.80000000e+01]
 [7.76000000e+02 8.24000000e+02 1.14754895e-02 4.90000000e+01]
 [6.91000000e+02 8.46000000e+02 2.23453548e-02 5.00000000e+01]
 [5.87000000e+02 1.02400000e+03 6.29307423e-03 5.10000000e+01]
 [4.03000000e+02 1.02700000e+03 5.47592528e-03 5.20000000e+01]
 [8.69000000e+02 1.04500000e+03 1.65293913e-03 5.30000000e+01]
 [3.74000000e+02 1.13700000e+03 5.25366887e-03 5.40000000e+01]
 [4.66000000e+02 1.37800000e+03 2.01371731e-03 5.50000000e+01]
 [7.99000000e+02 1.40000000e+01 1.48905523e-03 5.60000000e+01]
 [7.84000000e+02 3.01000000e+02 1.36025890e-03 5.70000000e+01]
 [9.85000000e+02 3.46000000e+02 1.03494944e-03 5.80000000e+01]
 [4.60000000e+02 5.38000000e+02 5.74691920e-03 5.90000000e+01]
 [1.02800000e+03 5.46000000e+02 1.99346594e-03 6.00000000e+01]
 [7.53000000e+02 5.75000000e+02 8.97874355e-01 6.10000000e+01]
 [4.58000000e+02 7.09000000e+02 9.98246856e-03 6.20000000e+01]
 [1.06500000e+03 7.20000000e+02 2.99424073e-03 6.30000000e+01]
 [9.52000000e+02 7.88000000e+02 1.29379169e-03 6.40000000e+01]
 [9.83000000e+02 8.14000000e+02 1.85730844e-03 6.50000000e+01]
 [1.06500000e+03 8.68000000e+02 1.37335784e-03 6.60000000e+01]
 [4.95000000e+02 9.70000000e+02 1.80545938e-03 6.70000000e+01]
 [5.48000000e+02 1.02300000e+03 1.86319742e-03 6.80000000e+01]
 [8.56000000e+02 1.04200000e+03 2.02739239e-03 6.90000000e+01]
 [5.42000000e+02 4.59000000e+02 2.06596078e-03 7.00000000e+01]
 [6.27000000e+02 5.63000000e+02 2.66937842e-03 7.10000000e+01]
 [6.28000000e+02 5.69000000e+02 2.66510015e-03 7.20000000e+01]
 [1.07900000e+03 6.81000000e+02 1.75777376e-02 7.30000000e+01]
 [8.62000000e+02 6.91000000e+02 9.34098721e-01 7.40000000e+01]
 [6.36000000e+02 7.09000000e+02 2.67299246e-02 7.50000000e+01]
 [4.51000000e+02 7.79000000e+02 6.48637302e-03 7.60000000e+01]
 [8.62000000e+02 9.49000000e+02 5.01006423e-03 7.70000000e+01]
 [7.16000000e+02 1.05000000e+03 2.36763014e-03 7.80000000e+01]
 [5.35000000e+02 1.21500000e+03 1.58346957e-03 7.90000000e+01]
 [1.40000000e+01 1.40000000e+01 2.44292757e-03 8.00000000e+01]
 [3.72000000e+02 4.50000000e+02 1.01138954e-03 8.10000000e+01]
 [9.53000000e+02 4.57000000e+02 1.62040663e-03 8.20000000e+01]
 [6.96000000e+02 4.63000000e+02 1.95365772e-03 8.30000000e+01]
 [5.47000000e+02 4.69000000e+02 3.73151479e-03 8.40000000e+01]
 [6.04000000e+02 5.31000000e+02 3.00525944e-03 8.50000000e+01]
 [1.07900000e+03 5.61000000e+02 1.95202045e-03 8.60000000e+01]
 [1.02900000e+03 7.62000000e+02 7.79725099e-03 8.70000000e+01]
 [7.81000000e+02 7.65000000e+02 8.86375964e-01 8.80000000e+01]
 [4.58000000e+02 7.76000000e+02 2.62414403e-02 8.90000000e+01]
 [5.49000000e+02 7.91000000e+02 2.84360275e-02 9.00000000e+01]
 [7.79000000e+02 1.03900000e+03 4.52281535e-03 9.10000000e+01]
 [1.06500000e+03 1.04300000e+03 4.11226274e-03 9.20000000e+01]
 [7.07000000e+02 1.11300000e+03 1.59031514e-03 9.30000000e+01]
 [1.06500000e+03 1.20000000e+03 1.25960098e-03 9.40000000e+01]
 [1.06500000e+03 1.39600000e+03 1.07753160e-03 9.50000000e+01]
 [7.98000000e+02 6.31000000e+02 1.18788145e-03 9.60000000e+01]
 [8.15000000e+02 6.39000000e+02 1.14972505e-03 9.70000000e+01]
 [6.15000000e+02 6.41000000e+02 6.01149118e-03 9.80000000e+01]
 [8.63000000e+02 8.23000000e+02 4.31941729e-03 9.90000000e+01]
 [6.12000000e+02 8.65000000e+02 9.55118358e-01 1.00000000e+02]
 [8.62000000e+02 9.49000000e+02 8.45368952e-03 1.01000000e+02]
 [3.54000000e+02 1.06300000e+03 1.18618971e-03 1.02000000e+02]
 [6.31000000e+02 1.11800000e+03 2.60736095e-03 1.03000000e+02]
 [7.90000000e+02 1.12900000e+03 1.50213344e-03 1.04000000e+02]
 [7.91000000e+02 1.13000000e+03 1.49644597e-03 1.05000000e+02]
 [7.92000000e+02 1.13100000e+03 1.49455795e-03 1.06000000e+02]
 [7.95000000e+02 1.13400000e+03 1.50800939e-03 1.07000000e+02]
 [7.96000000e+02 1.13500000e+03 1.51073758e-03 1.08000000e+02]
 [9.34000000e+02 1.40000000e+01 1.05883426e-03 1.09000000e+02]
 [7.11000000e+02 5.37000000e+02 2.91980687e-03 1.10000000e+02]
 [7.76000000e+02 5.86000000e+02 1.95551803e-03 1.11000000e+02]
 [7.87000000e+02 6.04000000e+02 1.97791797e-03 1.12000000e+02]
 [6.68000000e+02 7.08000000e+02 5.34462277e-03 1.13000000e+02]
 [4.53000000e+02 7.19000000e+02 5.00205997e-03 1.14000000e+02]
 [7.85000000e+02 7.93000000e+02 7.80420750e-03 1.15000000e+02]
 [1.06500000e+03 9.86000000e+02 7.94957113e-03 1.16000000e+02]
 [5.74000000e+02 1.02500000e+03 8.58660877e-01 1.17000000e+02]
 [1.06500000e+03 1.22100000e+03 1.71115657e-03 1.18000000e+02]
 [8.90000000e+02 1.30000000e+03 1.14748219e-03 1.19000000e+02]
 [6.31000000e+02 5.42000000e+02 2.94420822e-03 1.20000000e+02]
 [7.89000000e+02 6.17000000e+02 2.48009805e-03 1.21000000e+02]
 [2.89000000e+02 6.48000000e+02 2.23800563e-03 1.22000000e+02]
 [8.68000000e+02 7.09000000e+02 1.39204587e-03 1.23000000e+02]
 [7.08000000e+02 7.13000000e+02 3.32713756e-03 1.24000000e+02]
 [4.58000000e+02 7.38000000e+02 3.48233571e-03 1.25000000e+02]
 [1.06500000e+03 8.16000000e+02 1.17215957e-03 1.26000000e+02]
 [4.50000000e+02 8.74000000e+02 2.40657805e-03 1.27000000e+02]
 [7.24000000e+02 8.86000000e+02 5.35457768e-03 1.28000000e+02]
 [7.07000000e+02 9.60000000e+02 3.96017032e-03 1.29000000e+02]
 [7.06000000e+02 9.61000000e+02 3.96969495e-03 1.30000000e+02]
 [1.06500000e+03 1.20000000e+03 1.18693523e-02 1.31000000e+02]
 [5.27000000e+02 1.20900000e+03 8.62258673e-01 1.32000000e+02]
 [7.79000000e+02 1.22300000e+03 1.51421707e-02 1.33000000e+02]
 [8.67000000e+02 1.29200000e+03 2.27615726e-03 1.34000000e+02]
 [9.66000000e+02 1.29300000e+03 8.24480318e-03 1.35000000e+02]
 [5.10000000e+02 1.44000000e+03 9.07523930e-03 1.36000000e+02]
 [1.06500000e+03 1.90500000e+03 1.10776268e-03 1.37000000e+02]
 [7.06000000e+02 5.40000000e+02 1.09688553e-03 1.38000000e+02]
 [9.79000000e+02 6.09000000e+02 1.09510927e-03 1.39000000e+02]
 [9.78000000e+02 6.10000000e+02 1.09566038e-03 1.40000000e+02]
 [4.59000000e+02 7.83000000e+02 2.21908744e-03 1.41000000e+02]
 [7.54000000e+02 8.54000000e+02 9.18398201e-01 1.42000000e+02]
 [1.03300000e+03 8.69000000e+02 1.35075825e-03 1.43000000e+02]
 [4.60000000e+02 9.58000000e+02 1.28992263e-03 1.44000000e+02]
 [7.69000000e+02 1.11900000e+03 3.15274694e-03 1.45000000e+02]
 [6.23000000e+02 1.19800000e+03 1.88869680e-03 1.46000000e+02]
 [9.21000000e+02 1.30000000e+03 1.32079190e-03 1.47000000e+02]
 [1.40000000e+01 1.40000000e+01 1.02355774e-03 1.48000000e+02]
 [1.40000000e+01 2.81000000e+02 1.17226446e-03 1.49000000e+02]
 [7.17000000e+02 5.46000000e+02 1.11605495e-03 1.50000000e+02]
 [7.18000000e+02 5.47000000e+02 1.11529697e-03 1.51000000e+02]
 [7.20000000e+02 5.48000000e+02 1.11451000e-03 1.52000000e+02]
 [7.88000000e+02 6.23000000e+02 2.77692010e-03 1.53000000e+02]
 [5.40000000e+02 6.26000000e+02 2.55041011e-03 1.54000000e+02]
 [9.59000000e+02 6.57000000e+02 1.92798267e-03 1.55000000e+02]
 [5.72000000e+02 6.59000000e+02 2.09598616e-03 1.56000000e+02]
 [6.47000000e+02 7.08000000e+02 4.46270593e-03 1.57000000e+02]
 [9.57000000e+02 7.10000000e+02 2.00467417e-03 1.58000000e+02]
 [4.82000000e+02 8.68000000e+02 3.29213566e-03 1.59000000e+02]
 [5.42000000e+02 8.76000000e+02 3.42548592e-03 1.60000000e+02]
 [1.07900000e+03 9.69000000e+02 9.85017512e-03 1.61000000e+02]
 [8.60000000e+02 1.05100000e+03 7.60866404e-01 1.62000000e+02]
 [3.73000000e+02 1.12900000e+03 4.98395832e-03 1.63000000e+02]
 [4.89000000e+02 1.21700000e+03 1.98576646e-03 1.64000000e+02]
 [4.90000000e+02 1.21800000e+03 1.98663585e-03 1.65000000e+02]
 [1.07900000e+03 1.45500000e+03 1.18062284e-03 1.66000000e+02]
 [9.57000000e+02 1.45800000e+03 1.83523120e-03 1.67000000e+02]
 [1.06500000e+03 1.90500000e+03 1.00438576e-03 1.68000000e+02]
 [5.38000000e+02 6.14000000e+02 1.17015699e-03 1.69000000e+02]
 [9.56000000e+02 6.40000000e+02 1.05785090e-03 1.70000000e+02]
 [6.22000000e+02 7.14000000e+02 4.51408280e-03 1.71000000e+02]
 [4.63000000e+02 7.84000000e+02 4.43638489e-03 1.72000000e+02]
 [7.78000000e+02 7.91000000e+02 1.13219093e-03 1.73000000e+02]
 [6.08000000e+02 8.67000000e+02 2.69779121e-03 1.74000000e+02]
 [9.43000000e+02 8.78000000e+02 2.73221079e-03 1.75000000e+02]
 [5.40000000e+02 9.46000000e+02 1.88163901e-03 1.76000000e+02]
 [5.39000000e+02 9.47000000e+02 1.88220048e-03 1.77000000e+02]
 [7.16000000e+02 9.68000000e+02 4.10727039e-03 1.78000000e+02]
 [9.13000000e+02 1.17800000e+03 5.82418323e-01 1.79000000e+02]
 [1.07900000e+03 1.21900000e+03 1.26081496e-01 1.80000000e+02]
 [6.28000000e+02 1.36600000e+03 6.53061178e-03 1.81000000e+02]
 [5.83000000e+02 3.12000000e+02 8.42699315e-03 1.82000000e+02]
 [5.79000000e+02 5.32000000e+02 8.92783642e-01 1.83000000e+02]
 [3.49000000e+02 7.32000000e+02 1.22294924e-03 1.84000000e+02]
 [6.23000000e+02 7.84000000e+02 1.25664007e-03 1.85000000e+02]
 [4.56000000e+02 7.93000000e+02 5.65122534e-03 1.86000000e+02]
 [6.18000000e+02 8.77000000e+02 1.18868938e-02 1.87000000e+02]
 [8.71000000e+02 9.14000000e+02 1.05909933e-03 1.88000000e+02]
 [7.17000000e+02 1.00700000e+03 1.02172745e-03 1.89000000e+02]
 [5.43000000e+02 1.21000000e+03 8.75615701e-03 1.90000000e+02]
 [9.59000000e+02 1.22100000e+03 1.59895234e-03 1.91000000e+02]
 [3.84000000e+02 4.87000000e+02 9.12607461e-03 1.92000000e+02]
 [6.22000000e+02 5.22000000e+02 9.35286164e-01 1.93000000e+02]
 [6.02000000e+02 7.83000000e+02 3.57899256e-03 1.94000000e+02]
 [4.69000000e+02 7.90000000e+02 5.39420592e-03 1.95000000e+02]
 [7.87000000e+02 8.76000000e+02 1.64820696e-03 1.96000000e+02]
 [5.18000000e+02 9.66000000e+02 1.88146497e-03 1.97000000e+02]
 [5.51000000e+02 5.44000000e+02 4.01314646e-01 1.98000000e+02]
 [7.81000000e+02 7.02000000e+02 1.68488768e-03 1.99000000e+02]
 [3.61000000e+02 7.16000000e+02 1.80256343e-03 2.00000000e+02]
 [3.52000000e+02 7.25000000e+02 1.83642318e-03 2.01000000e+02]
 [7.92000000e+02 7.43000000e+02 1.68448535e-03 2.02000000e+02]
 [1.06500000e+03 8.42000000e+02 1.24640961e-03 2.03000000e+02]
 [5.40000000e+02 8.80000000e+02 1.86992227e-03 2.04000000e+02]
 [7.97000000e+02 9.63000000e+02 1.56920473e-03 2.05000000e+02]
 [3.77000000e+02 4.94000000e+02 2.26925802e-03 2.06000000e+02]
 [6.69000000e+02 5.00000000e+02 8.70917678e-01 2.07000000e+02]
 [8.79000000e+02 7.17000000e+02 2.28189165e-03 2.08000000e+02]
 [8.81000000e+02 7.19000000e+02 2.29086401e-03 2.09000000e+02]
 [8.82000000e+02 7.20000000e+02 2.29179114e-03 2.10000000e+02]
 [5.37000000e+02 7.89000000e+02 1.21091995e-02 2.11000000e+02]
 [7.96000000e+02 9.90000000e+02 1.15297851e-03 2.12000000e+02]
 [5.60000000e+02 1.03200000e+03 1.28184794e-03 2.13000000e+02]]