[[1.40000000e+01 2.53000000e+02 1.17841840e-03 0.00000000e+00]
 [7.07000000e+02 3.02000000e+02 7.26000313e-03 1.00000000e+00]
 [4.63000000e+02 4.64000000e+02 2.10101670e-03 2.00000000e+00]
 [4.62000000e+02 4.67000000e+02 2.10944866e-03 3.00000000e+00]
 [3.73000000e+02 5.35000000e+02 1.62078126e-03 4.00000000e+00]
 [7.34000000e+02 5.42000000e+02 8.93305063e-01 5.00000000e+00]
 [1.03800000e+03 6.28000000e+02 1.81826728e-03 6.00000000e+00]
 [1.07900000e+03 6.35000000e+02 1.58017944e-03 7.00000000e+00]
 [9.81000000e+02 7.37000000e+02 1.02972356e-03 8.00000000e+00]
 [5.13000000e+02 7.41000000e+02 1.89045328e-03 9.00000000e+00]
 [7.54000000e+02 7.82000000e+02 4.61524120e-03 1.00000000e+01]
 [5.55000000e+02 1.05200000e+03 1.87525467e-03 1.10000000e+01]
 [7.87000000e+02 1.10900000e+03 1.65547791e-03 1.20000000e+01]
 [4.35000000e+02 1.20900000e+03 1.31108484e-03 1.30000000e+01]
 [6.66000000e+02 5.87000000e+02 9.21526492e-01 1.40000000e+01]
 [9.54000000e+02 6.18000000e+02 1.18253683e-03 1.50000000e+01]
 [6.34000000e+02 8.74000000e+02 2.54837377e-03 1.60000000e+01]
 [7.88000000e+02 9.51000000e+02 1.43692433e-03 1.70000000e+01]
 [5.39000000e+02 9.57000000e+02 3.22976243e-03 1.80000000e+01]
 [8.15000000e+02 0.00000000e+00 1.01667340e-03 1.90000000e+01]
 [8.19000000e+02 1.04000000e+02 1.27390982e-03 2.00000000e+01]
 [5.82000000e+02 5.75000000e+02 8.94339621e-01 2.10000000e+01]
 [9.38000000e+02 6.22000000e+02 5.37199620e-03 2.20000000e+01]
 [9.37000000e+02 6.23000000e+02 5.37634641e-03 2.30000000e+01]
 [8.59000000e+02 6.28000000e+02 1.25727495e-02 2.40000000e+01]
 [3.76000000e+02 8.83000000e+02 1.01715303e-03 2.50000000e+01]
 [7.96000000e+02 9.60000000e+02 2.80439947e-03 2.60000000e+01]
 [5.35000000e+02 9.66000000e+02 2.64300988e-03 2.70000000e+01]
 [7.08000000e+02 1.03400000e+03 1.33557420e-03 2.80000000e+01]
 [4.58000000e+02 1.30500000e+03 1.00646983e-03 2.90000000e+01]
 [7.05000000e+02 3.94000000e+02 1.82656199e-03 3.00000000e+01]
 [7.06000000e+02 3.95000000e+02 1.82046881e-03 3.10000000e+01]
 [9.55000000e+02 5.52000000e+02 1.88359746e-03 3.20000000e+01]
 [6.33000000e+02 6.87000000e+02 6.09259367e-01 3.30000000e+01]
 [8.50000000e+02 7.00000000e+02 1.89766437e-02 3.40000000e+01]
 [9.53000000e+02 7.86000000e+02 2.73653492e-03 3.50000000e+01]
 [6.97000000e+02 1.04300000e+03 1.40075723e-03 3.60000000e+01]
 [8.69000000e+02 1.21800000e+03 1.66973122e-03 3.70000000e+01]
 [1.40000000e+01 1.40000000e+01 1.13045156e-03 3.80000000e+01]
 [5.20000000e+02 3.68000000e+02 1.05855614e-03 3.90000000e+01]
 [5.22000000e+02 3.70000000e+02 1.05034770e-03 4.00000000e+01]
 [5.30000000e+02 3.75000000e+02 1.07769505e-03 4.10000000e+01]
 [5.33000000e+02 3.76000000e+02 1.08165480e-03 4.20000000e+01]
 [5.39000000e+02 3.78000000e+02 1.09964423e-03 4.30000000e+01]
 [5.40000000e+02 3.79000000e+02 1.10188313e-03 4.40000000e+01]
 [4.38000000e+02 4.42000000e+02 1.33853115e-03 4.50000000e+01]
 [4.39000000e+02 4.43000000e+02 1.33678690e-03 4.60000000e+01]
 [4.42000000e+02 4.45000000e+02 1.33506162e-03 4.70000000e+01]
 [4.45000000e+02 4.47000000e+02 1.33927295e-03 4.80000000e+01]
 [4.49000000e+02 4.50000000e+02 1.33567525e-03 4.90000000e+01]
 [3.90000000e+02 4.65000000e+02 1.00704527e-03 5.00000000e+01]
 [6.93000000e+02 5.91000000e+02 2.68285513e-01 5.10000000e+01]
 [7.00000000e+02 7.58000000e+02 2.29268044e-01 5.20000000e+01]
 [5.53000000e+02 1.03900000e+03 3.18369339e-03 5.30000000e+01]
 [5.54000000e+02 1.04000000e+03 3.18469340e-03 5.40000000e+01]
 [3.53000000e+02 1.20100000e+03 1.57393061e-03 5.50000000e+01]
 [6.23000000e+02 1.21100000e+03 5.51258260e-03 5.60000000e+01]
 [8.01000000e+02 1.23000000e+03 2.02415092e-03 5.70000000e+01]
 [5.43000000e+02 1.33900000e+03 4.35324805e-03 5.80000000e+01]
 [5.42000000e+02 1.34000000e+03 4.35416307e-03 5.90000000e+01]
 [3.83000000e+02 1.37900000e+03 1.50805549e-03 6.00000000e+01]
 [8.20000000e+02 0.00000000e+00 1.06350484e-03 6.10000000e+01]
 [8.17000000e+02 1.06000000e+02 1.43310998e-03 6.20000000e+01]
 [3.75000000e+02 5.80000000e+02 1.48676080e-03 6.30000000e+01]
 [3.76000000e+02 5.83000000e+02 1.48827536e-03 6.40000000e+01]
 [7.48000000e+02 6.04000000e+02 9.27276909e-01 6.50000000e+01]
 [4.61000000e+02 6.35000000e+02 3.82940029e-03 6.60000000e+01]
 [8.73000000e+02 8.70000000e+02 5.20299887e-03 6.70000000e+01]
 [7.98000000e+02 9.60000000e+02 1.62809051e-03 6.80000000e+01]
 [5.39000000e+02 1.01100000e+03 2.48499983e-03 6.90000000e+01]
 [6.42000000e+02 1.20800000e+03 1.17060856e-03 7.00000000e+01]
 [1.40000000e+01 1.40000000e+01 1.20075175e-03 7.10000000e+01]
 [6.70000000e+02 4.69000000e+02 1.33027965e-02 7.20000000e+01]
 [4.10000000e+02 5.56000000e+02 2.35196971e-03 7.30000000e+01]
 [7.57000000e+02 7.16000000e+02 8.28825414e-01 7.40000000e+01]
 [5.61000000e+02 7.17000000e+02 1.21011725e-02 7.50000000e+01]
 [8.81000000e+02 1.03400000e+03 1.39705825e-03 7.60000000e+01]
 [6.64000000e+02 1.04000000e+03 3.16168065e-03 7.70000000e+01]
 [6.31000000e+02 1.20500000e+03 1.01333170e-03 7.80000000e+01]
 [4.56000000e+02 1.21100000e+03 1.44789810e-03 7.90000000e+01]
 [9.28000000e+02 1.22700000e+03 1.10883475e-03 8.00000000e+01]
 [1.40000000e+01 1.40000000e+01 1.45653274e-03 8.10000000e+01]
 [9.47000000e+02 5.46000000e+02 1.24884082e-03 8.20000000e+01]
 [7.65000000e+02 5.51000000e+02 3.99731062e-02 8.30000000e+01]
 [4.67000000e+02 7.22000000e+02 5.23501122e-03 8.40000000e+01]
 [7.73000000e+02 8.08000000e+02 9.52494681e-01 8.50000000e+01]
 [9.26000000e+02 1.03200000e+03 8.99101980e-03 8.60000000e+01]
 [6.07000000e+02 1.06400000e+03 2.63062282e-03 8.70000000e+01]
 [6.06000000e+02 1.06500000e+03 2.63208314e-03 8.80000000e+01]
 [6.93000000e+02 1.12500000e+03 3.43609951e-03 8.90000000e+01]
 [7.00000000e+02 3.94000000e+02 1.16711110e-03 9.00000000e+01]
 [6.99000000e+02 3.95000000e+02 1.16744894e-03 9.10000000e+01]
 [6.97000000e+02 3.98000000e+02 1.16705731e-03 9.20000000e+01]
 [6.20000000e+02 4.58000000e+02 2.19793781e-03 9.30000000e+01]
 [3.72000000e+02 4.62000000e+02 1.95127586e-03 9.40000000e+01]
 [8.06000000e+02 6.03000000e+02 3.88508523e-03 9.50000000e+01]
 [5.65000000e+02 8.48000000e+02 9.42587554e-01 9.60000000e+01]
 [7.12000000e+02 6.37000000e+02 1.10850940e-02 9.70000000e+01]
 [5.33000000e+02 7.09000000e+02 3.12322751e-03 9.80000000e+01]
 [3.84000000e+02 7.15000000e+02 1.26232661e-03 9.90000000e+01]
 [3.53000000e+02 7.60000000e+02 1.63202616e-03 1.00000000e+02]
 [7.36000000e+02 7.89000000e+02 1.12906741e-02 1.01000000e+02]
 [9.58000000e+02 8.96000000e+02 4.14301548e-03 1.02000000e+02]
 [1.07900000e+03 9.68000000e+02 1.65813509e-03 1.03000000e+02]
 [5.32000000e+02 1.02900000e+03 9.02592957e-01 1.04000000e+02]
 [3.09000000e+02 1.11200000e+03 4.32586297e-03 1.05000000e+02]
 [3.10000000e+02 1.11400000e+03 4.31126729e-03 1.06000000e+02]
 [7.28000000e+02 1.30600000e+03 1.14656740e-03 1.07000000e+02]
 [4.48000000e+02 1.38000000e+03 1.46349124e-03 1.08000000e+02]
 [7.77000000e+02 5.57000000e+02 1.08129559e-02 1.09000000e+02]
 [7.11000000e+02 7.82000000e+02 1.01838633e-02 1.10000000e+02]
 [4.67000000e+02 8.04000000e+02 6.09667739e-03 1.11000000e+02]
 [4.36000000e+02 8.75000000e+02 5.26746595e-03 1.12000000e+02]
 [9.62000000e+02 8.93000000e+02 1.19724567e-03 1.13000000e+02]
 [7.78000000e+02 1.16300000e+03 1.67820677e-02 1.14000000e+02]
 [6.88000000e+02 1.19000000e+03 3.21903452e-02 1.15000000e+02]
 [4.62000000e+02 1.20900000e+03 8.51712525e-01 1.16000000e+02]
 [1.40000000e+01 1.40000000e+01 1.17846148e-03 1.17000000e+02]
 [3.72000000e+02 4.58000000e+02 1.20529684e-03 1.18000000e+02]
 [6.60000000e+02 4.60000000e+02 3.04897595e-03 1.19000000e+02]
 [7.86000000e+02 5.41000000e+02 4.56617633e-03 1.20000000e+02]
 [8.49000000e+02 6.27000000e+02 3.62302386e-03 1.21000000e+02]
 [3.73000000e+02 7.70000000e+02 2.99291615e-03 1.22000000e+02]
 [4.72000000e+02 8.02000000e+02 5.66332694e-03 1.23000000e+02]
 [4.71000000e+02 8.03000000e+02 5.63983899e-03 1.24000000e+02]
 [9.46000000e+02 8.15000000e+02 2.42641126e-03 1.25000000e+02]
 [6.96000000e+02 8.51000000e+02 9.08637226e-01 1.26000000e+02]
 [8.93000000e+02 1.06500000e+03 2.03844742e-03 1.27000000e+02]
 [5.63000000e+02 1.12100000e+03 2.92940321e-03 1.28000000e+02]
 [6.63000000e+02 1.12100000e+03 2.73375795e-03 1.29000000e+02]
 [6.70000000e+02 1.20800000e+03 1.92599930e-03 1.30000000e+02]
 [8.23000000e+02 1.30400000e+03 2.13243789e-03 1.31000000e+02]
 [1.40000000e+01 1.40000000e+01 1.33370352e-03 1.32000000e+02]
 [7.24000000e+02 4.65000000e+02 2.85329251e-03 1.33000000e+02]
 [6.28000000e+02 5.53000000e+02 5.12788212e-03 1.34000000e+02]
 [6.29000000e+02 5.54000000e+02 5.12799527e-03 1.35000000e+02]
 [6.30000000e+02 5.55000000e+02 5.12771122e-03 1.36000000e+02]
 [6.31000000e+02 5.56000000e+02 5.12707792e-03 1.37000000e+02]
 [6.32000000e+02 5.57000000e+02 5.12645440e-03 1.38000000e+02]
 [6.33000000e+02 5.59000000e+02 5.12762647e-03 1.39000000e+02]
 [6.34000000e+02 5.60000000e+02 5.12849912e-03 1.40000000e+02]
 [7.13000000e+02 6.31000000e+02 9.41077154e-03 1.41000000e+02]
 [7.51000000e+02 7.10000000e+02 5.38799027e-03 1.42000000e+02]
 [5.51000000e+02 1.02200000e+03 3.37803294e-03 1.43000000e+02]
 [7.90000000e+02 1.03500000e+03 8.55600655e-01 1.44000000e+02]
 [1.02200000e+03 1.04200000e+03 5.39948791e-03 1.45000000e+02]
 [2.91000000e+02 1.15900000e+03 1.13141839e-03 1.46000000e+02]
 [9.66000000e+02 1.34000000e+03 2.14914139e-03 1.47000000e+02]
 [9.65000000e+02 1.34200000e+03 2.15021800e-03 1.48000000e+02]
 [9.60000000e+02 1.35800000e+03 2.13196222e-03 1.49000000e+02]
 [9.56000000e+02 1.36800000e+03 2.14187242e-03 1.50000000e+02]
 [9.16000000e+02 1.47800000e+03 1.63394096e-03 1.51000000e+02]
 [9.15000000e+02 1.48100000e+03 1.63472746e-03 1.52000000e+02]
 [9.14000000e+02 1.48200000e+03 1.63494062e-03 1.53000000e+02]
 [6.82000000e+02 4.74000000e+02 3.47707351e-03 1.54000000e+02]
 [7.05000000e+02 6.13000000e+02 4.18939441e-03 1.55000000e+02]
 [7.82000000e+02 7.95000000e+02 7.70731643e-03 1.56000000e+02]
 [7.09000000e+02 8.80000000e+02 6.68586837e-03 1.57000000e+02]
 [1.06500000e+03 1.01300000e+03 1.04576163e-03 1.58000000e+02]
 [8.06000000e+02 1.22700000e+03 5.69518566e-01 1.59000000e+02]
 [5.51000000e+02 1.28100000e+03 1.45044050e-03 1.60000000e+02]
 [4.66000000e+02 4.82000000e+02 3.25527508e-03 1.61000000e+02]
 [7.15000000e+02 5.19000000e+02 8.71998072e-01 1.62000000e+02]
 [1.03700000e+03 6.28000000e+02 1.47599529e-03 1.63000000e+02]
 [1.07900000e+03 6.33000000e+02 1.36482529e-03 1.64000000e+02]
 [7.87000000e+02 7.83000000e+02 2.50779511e-03 1.65000000e+02]
 [7.66000000e+02 9.59000000e+02 1.71019940e-03 1.66000000e+02]
 [6.23000000e+02 1.02700000e+03 1.09712302e-03 1.67000000e+02]
 [4.56000000e+02 1.21000000e+03 1.30864680e-02 1.68000000e+02]
 [7.34000000e+02 3.10000000e+02 1.20361382e-02 1.69000000e+02]
 [7.48000000e+02 5.20000000e+02 7.86975384e-01 1.70000000e+02]
 [1.03800000e+03 6.26000000e+02 2.13335478e-03 1.71000000e+02]
 [1.07900000e+03 6.30000000e+02 1.96220004e-03 1.72000000e+02]
 [5.16000000e+02 7.47000000e+02 1.97528978e-03 1.73000000e+02]
 [7.69000000e+02 7.83000000e+02 1.88800169e-03 1.74000000e+02]
 [4.43000000e+02 9.48000000e+02 1.39464857e-03 1.75000000e+02]
 [5.40000000e+02 1.04300000e+03 1.39636023e-03 1.76000000e+02]
 [6.50000000e+02 5.08000000e+02 8.03707361e-01 1.77000000e+02]
 [3.77000000e+02 5.25000000e+02 1.72061787e-03 1.78000000e+02]
 [9.48000000e+02 5.47000000e+02 3.26554244e-03 1.79000000e+02]
 [9.47000000e+02 5.49000000e+02 3.26844514e-03 1.80000000e+02]
 [7.92000000e+02 7.83000000e+02 2.85228994e-03 1.81000000e+02]
 [7.67000000e+02 9.58000000e+02 2.51668319e-03 1.82000000e+02]
 [7.92000000e+02 1.13700000e+03 1.90122391e-03 1.83000000e+02]
 [5.40000000e+02 1.21000000e+03 3.88076552e-03 1.84000000e+02]
 [4.59000000e+02 4.25000000e+02 1.09790510e-03 1.85000000e+02]
 [7.64000000e+02 4.88000000e+02 5.11084162e-02 1.86000000e+02]
 [7.70000000e+02 9.60000000e+02 1.64683908e-03 1.87000000e+02]
 [7.91000000e+02 1.12500000e+03 1.21354754e-03 1.88000000e+02]]