[[6.86000000e+02 5.43000000e+02 8.65235329e-01 0.00000000e+00]
 [6.45000000e+02 5.89000000e+02 9.24495459e-01 1.00000000e+00]
 [5.64000000e+02 5.90000000e+02 9.22384918e-01 2.00000000e+00]
 [6.02000000e+02 7.30000000e+02 8.58853579e-01 3.00000000e+00]
 [6.89000000e+02 6.58000000e+02 6.85579062e-01 4.00000000e+00]
 [7.29000000e+02 5.94000000e+02 9.32404757e-01 5.00000000e+00]
 [7.55000000e+02 7.22000000e+02 8.51776898e-01 6.00000000e+00]
 [7.76000000e+02 8.22000000e+02 8.62503469e-01 7.00000000e+00]
 [5.49000000e+02 8.41000000e+02 9.60008919e-01 8.00000000e+00]
 [5.20000000e+02 1.02300000e+03 8.62046957e-01 9.00000000e+00]
 [4.62000000e+02 1.19800000e+03 8.57157171e-01 1.00000000e+01]
 [6.75000000e+02 8.35000000e+02 9.24835026e-01 1.10000000e+01]
 [7.56000000e+02 9.98000000e+02 8.82581711e-01 1.20000000e+01]
 [8.06000000e+02 1.15500000e+03 8.10686409e-01 1.30000000e+01]
 [6.71000000e+02 5.27000000e+02 8.67088020e-01 1.40000000e+01]
 [7.06000000e+02 5.23000000e+02 8.31448853e-01 1.50000000e+01]
 [6.23000000e+02 5.22000000e+02 8.42828631e-01 1.60000000e+01]]