[[1.06500000e+03 2.07000000e+02 1.23563490e-03 0.00000000e+00]
 [1.40000000e+01 2.48000000e+02 1.12655072e-03 1.00000000e+00]
 [4.62000000e+02 4.62000000e+02 2.33605015e-03 2.00000000e+00]
 [7.35000000e+02 5.12000000e+02 6.03072882e-01 3.00000000e+00]
 [1.03300000e+03 5.13000000e+02 1.64383627e-03 4.00000000e+00]
 [3.74000000e+02 5.40000000e+02 1.74235250e-03 5.00000000e+00]
 [9.76000000e+02 7.26000000e+02 1.47104636e-03 6.00000000e+00]
 [5.17000000e+02 7.30000000e+02 1.17470650e-03 7.00000000e+00]
 [5.55000000e+02 1.04400000e+03 2.19685771e-03 8.00000000e+00]
 [7.91000000e+02 1.05800000e+03 1.80170930e-03 9.00000000e+00]
 [6.66000000e+02 2.98000000e+02 1.31452316e-03 1.00000000e+01]
 [4.31000000e+02 3.49000000e+02 1.23342860e-03 1.10000000e+01]
 [6.55000000e+02 5.74000000e+02 9.00691748e-01 1.20000000e+01]
 [3.88000000e+02 7.10000000e+02 3.01828957e-03 1.30000000e+01]
 [3.89000000e+02 7.11000000e+02 3.01985769e-03 1.40000000e+01]
 [3.90000000e+02 7.12000000e+02 3.02121975e-03 1.50000000e+01]
 [3.91000000e+02 7.13000000e+02 3.01977387e-03 1.60000000e+01]
 [6.01000000e+02 8.76000000e+02 3.41692148e-03 1.70000000e+01]
 [5.41000000e+02 9.41000000e+02 3.40296258e-03 1.80000000e+01]
 [7.24000000e+02 9.62000000e+02 1.93453103e-03 1.90000000e+01]
 [6.44000000e+02 2.99000000e+02 1.99441379e-03 2.00000000e+01]
 [5.89000000e+02 5.61000000e+02 9.21010673e-01 2.10000000e+01]
 [8.59000000e+02 5.84000000e+02 1.42189050e-02 2.20000000e+01]
 [9.40000000e+02 6.13000000e+02 3.59287090e-03 2.30000000e+01]
 [5.37000000e+02 9.60000000e+02 2.76761572e-03 2.40000000e+01]
 [7.26000000e+02 9.65000000e+02 2.60756677e-03 2.50000000e+01]
 [7.25000000e+02 9.66000000e+02 2.60858913e-03 2.60000000e+01]
 [8.74000000e+02 1.10900000e+03 1.00890093e-03 2.70000000e+01]
 [7.05000000e+02 3.84000000e+02 8.01250152e-03 2.80000000e+01]
 [9.42000000e+02 5.03000000e+02 8.69430974e-03 2.90000000e+01]
 [3.84000000e+02 5.51000000e+02 4.34609642e-03 3.00000000e+01]
 [1.03500000e+03 6.10000000e+02 4.87131439e-03 3.10000000e+01]
 [1.07900000e+03 6.13000000e+02 4.71146917e-03 3.20000000e+01]
 [6.72000000e+02 6.51000000e+02 8.24040353e-01 3.30000000e+01]
 [9.48000000e+02 6.88000000e+02 7.71775609e-03 3.40000000e+01]
 [3.83000000e+02 8.59000000e+02 1.65804231e-03 3.50000000e+01]
 [7.90000000e+02 9.57000000e+02 1.25774625e-03 3.60000000e+01]
 [8.72000000e+02 1.13800000e+03 1.74991076e-03 3.70000000e+01]
 [1.02800000e+03 5.02000000e+02 2.69156648e-03 3.80000000e+01]
 [7.58000000e+02 5.23000000e+02 8.87465775e-01 3.90000000e+01]
 [6.51000000e+02 7.87000000e+02 2.35032421e-02 4.00000000e+01]
 [6.25000000e+02 8.34000000e+02 2.28822473e-02 4.10000000e+01]
 [7.98000000e+02 1.13900000e+03 2.63219280e-03 4.20000000e+01]
 [6.22000000e+02 1.19000000e+03 4.43119835e-03 4.30000000e+01]
 [3.34000000e+02 1.20200000e+03 1.38783338e-03 4.40000000e+01]
 [5.19000000e+02 1.37400000e+03 1.87776005e-03 4.50000000e+01]
 [4.20000000e+02 1.37600000e+03 1.64970080e-03 4.60000000e+01]
 [6.00000000e+02 3.03000000e+02 1.44167873e-03 4.70000000e+01]
 [5.96000000e+02 3.04000000e+02 1.43065082e-03 4.80000000e+01]
 [5.93000000e+02 3.05000000e+02 1.42169965e-03 4.90000000e+01]
 [4.82000000e+02 4.07000000e+02 4.04921826e-03 5.00000000e+01]
 [1.04000000e+03 5.22000000e+02 1.01331412e-03 5.10000000e+01]
 [7.31000000e+02 5.84000000e+02 8.04715991e-01 5.20000000e+01]
 [3.91000000e+02 6.14000000e+02 2.82983040e-03 5.30000000e+01]
 [4.67000000e+02 6.22000000e+02 1.19956229e-02 5.40000000e+01]
 [5.39000000e+02 9.58000000e+02 2.54213251e-03 5.50000000e+01]
 [7.26000000e+02 9.64000000e+02 1.77645509e-03 5.60000000e+01]
 [6.36000000e+02 1.14000000e+03 1.20017538e-03 5.70000000e+01]
 [9.49000000e+02 3.90000000e+02 2.38455506e-03 5.80000000e+01]
 [7.74000000e+02 4.69000000e+02 1.46113727e-02 5.90000000e+01]
 [1.07900000e+03 4.81000000e+02 2.19586724e-03 6.00000000e+01]
 [4.64000000e+02 5.69000000e+02 6.46480033e-03 6.10000000e+01]
 [1.07900000e+03 6.03000000e+02 2.63320445e-03 6.20000000e+01]
 [7.64000000e+02 7.17000000e+02 6.47423863e-01 6.30000000e+01]
 [6.23000000e+02 1.04400000e+03 2.48369249e-03 6.40000000e+01]
 [4.56000000e+02 1.21000000e+03 1.14358892e-03 6.50000000e+01]
 [1.40000000e+01 1.40000000e+01 1.01862045e-03 6.60000000e+01]
 [7.76000000e+02 3.95000000e+02 2.27769036e-02 6.70000000e+01]
 [3.83000000e+02 5.33000000e+02 1.30837620e-03 6.80000000e+01]
 [3.82000000e+02 5.34000000e+02 1.30846363e-03 6.90000000e+01]
 [1.03100000e+03 7.09000000e+02 5.13366563e-03 7.00000000e+01]
 [1.07900000e+03 7.24000000e+02 3.15360725e-03 7.10000000e+01]
 [7.67000000e+02 7.40000000e+02 4.64218616e-01 7.20000000e+01]
 [4.47000000e+02 7.99000000e+02 1.88134634e-03 7.30000000e+01]
 [4.46000000e+02 8.00000000e+02 1.87996204e-03 7.40000000e+01]
 [5.57000000e+02 8.65000000e+02 1.67103240e-03 7.50000000e+01]
 [9.52000000e+02 1.02900000e+03 4.74104984e-03 7.60000000e+01]
 [9.53000000e+02 1.03100000e+03 4.74486500e-03 7.70000000e+01]
 [6.21000000e+02 1.03700000e+03 2.59444211e-03 7.80000000e+01]
 [6.46000000e+02 1.11600000e+03 3.17599857e-03 7.90000000e+01]
 [9.58000000e+02 1.27200000e+03 2.22236244e-03 8.00000000e+01]
 [7.33000000e+02 4.03000000e+02 3.45159206e-03 8.10000000e+01]
 [3.71000000e+02 4.60000000e+02 1.02920528e-03 8.20000000e+01]
 [1.06500000e+03 6.08000000e+02 1.28731737e-03 8.30000000e+01]
 [7.82000000e+02 6.34000000e+02 8.61820206e-03 8.40000000e+01]
 [5.57000000e+02 8.35000000e+02 9.75776434e-01 8.50000000e+01]
 [6.52000000e+02 1.12700000e+03 1.09145057e-03 8.60000000e+01]
 [8.82000000e+02 1.12800000e+03 1.17310090e-03 8.70000000e+01]
 [7.17000000e+02 5.42000000e+02 6.67328341e-03 8.80000000e+01]
 [1.06500000e+03 6.14000000e+02 1.83060160e-03 8.90000000e+01]
 [5.39000000e+02 6.26000000e+02 3.36546893e-03 9.00000000e+01]
 [4.52000000e+02 7.10000000e+02 3.20304139e-03 9.10000000e+01]
 [3.48000000e+02 7.64000000e+02 1.40677614e-03 9.20000000e+01]
 [8.11000000e+02 7.88000000e+02 1.61912125e-02 9.30000000e+01]
 [9.56000000e+02 8.78000000e+02 5.49046602e-03 9.40000000e+01]
 [3.04000000e+02 1.00200000e+03 5.38910832e-03 9.50000000e+01]
 [5.26000000e+02 1.02300000e+03 8.51998150e-01 9.60000000e+01]
 [9.56000000e+02 1.04000000e+03 3.14235594e-03 9.70000000e+01]
 [8.06000000e+02 1.23900000e+03 1.31908595e-03 9.80000000e+01]
 [4.44000000e+02 1.37700000e+03 1.33197638e-03 9.90000000e+01]
 [1.06500000e+03 1.90500000e+03 1.08458626e-03 1.00000000e+02]
 [4.52000000e+02 5.09000000e+02 1.07395055e-03 1.01000000e+02]
 [7.81000000e+02 5.43000000e+02 3.79767618e-03 1.02000000e+02]
 [6.17000000e+02 6.04000000e+02 1.98250310e-03 1.03000000e+02]
 [7.14000000e+02 7.30000000e+02 7.62978708e-03 1.04000000e+02]
 [4.54000000e+02 7.85000000e+02 2.70756288e-03 1.05000000e+02]
 [6.36000000e+02 8.66000000e+02 5.49313752e-03 1.06000000e+02]
 [3.72000000e+02 8.81000000e+02 3.41238733e-03 1.07000000e+02]
 [6.88000000e+02 1.06400000e+03 2.32685115e-02 1.08000000e+02]
 [6.87000000e+02 1.06500000e+03 2.32634302e-02 1.09000000e+02]
 [9.48000000e+02 1.14400000e+03 7.49495672e-03 1.10000000e+02]
 [7.83000000e+02 1.18600000e+03 2.28043888e-02 1.11000000e+02]
 [4.63000000e+02 1.19500000e+03 8.49597692e-01 1.12000000e+02]
 [6.87000000e+02 1.19900000e+03 3.01561877e-02 1.13000000e+02]
 [1.07900000e+03 1.20200000e+03 1.31229754e-03 1.14000000e+02]
 [4.98000000e+02 1.44800000e+03 4.60310746e-03 1.15000000e+02]
 [1.06500000e+03 1.90500000e+03 1.23567309e-03 1.16000000e+02]
 [7.40000000e+02 5.42000000e+02 6.85749762e-03 1.17000000e+02]
 [3.77000000e+02 7.30000000e+02 4.75116260e-03 1.18000000e+02]
 [6.77000000e+02 8.36000000e+02 9.14752245e-01 1.19000000e+02]
 [9.49000000e+02 8.59000000e+02 1.34390162e-03 1.20000000e+02]
 [5.94000000e+02 1.12800000e+03 3.59117612e-03 1.21000000e+02]
 [8.48000000e+02 1.22700000e+03 1.75537646e-03 1.22000000e+02]
 [1.40000000e+01 1.40000000e+01 1.65346812e-03 1.23000000e+02]
 [6.23000000e+02 5.47000000e+02 6.74172863e-03 1.24000000e+02]
 [5.36000000e+02 6.92000000e+02 2.20245286e-03 1.25000000e+02]
 [7.98000000e+02 7.21000000e+02 2.20449758e-03 1.26000000e+02]
 [3.73000000e+02 8.74000000e+02 2.11413624e-03 1.27000000e+02]
 [7.77000000e+02 9.94000000e+02 9.08640563e-01 1.28000000e+02]
 [1.02900000e+03 1.01000000e+03 2.45540077e-03 1.29000000e+02]
 [2.91000000e+02 1.14800000e+03 1.12622662e-03 1.30000000e+02]
 [1.06500000e+03 1.15600000e+03 1.08325330e-03 1.31000000e+02]
 [9.54000000e+02 1.33900000e+03 2.62402627e-03 1.32000000e+02]
 [9.53000000e+02 1.34100000e+03 2.62301695e-03 1.33000000e+02]
 [8.19000000e+02 1.43100000e+03 1.44676014e-03 1.34000000e+02]
 [1.06500000e+03 1.90500000e+03 1.15886552e-03 1.35000000e+02]
 [1.40000000e+01 1.40000000e+01 1.22558686e-03 1.36000000e+02]
 [6.35000000e+02 3.72000000e+02 1.27143878e-03 1.37000000e+02]
 [7.99000000e+02 3.77000000e+02 2.95728468e-03 1.38000000e+02]
 [5.21000000e+02 4.81000000e+02 1.47588865e-03 1.39000000e+02]
 [9.46000000e+02 4.82000000e+02 1.71388092e-03 1.40000000e+02]
 [6.99000000e+02 5.39000000e+02 3.83225689e-03 1.41000000e+02]
 [5.32000000e+02 7.01000000e+02 1.09617412e-03 1.42000000e+02]
 [4.59000000e+02 8.02000000e+02 1.20381266e-03 1.43000000e+02]
 [7.06000000e+02 8.76000000e+02 6.94158766e-03 1.44000000e+02]
 [8.59000000e+02 8.79000000e+02 4.02565813e-03 1.45000000e+02]
 [8.08000000e+02 1.16800000e+03 8.21199834e-01 1.46000000e+02]
 [8.50000000e+02 1.44400000e+03 6.52553700e-03 1.47000000e+02]
 [4.68000000e+02 4.57000000e+02 2.78411224e-03 1.48000000e+02]
 [1.03000000e+03 4.76000000e+02 1.15370436e-03 1.49000000e+02]
 [7.21000000e+02 4.82000000e+02 5.74999273e-01 1.50000000e+02]
 [4.54000000e+02 7.95000000e+02 1.04397046e-03 1.51000000e+02]
 [4.56000000e+02 1.21000000e+03 8.93508177e-03 1.52000000e+02]
 [8.17000000e+02 1.22900000e+03 1.88323110e-03 1.53000000e+02]
 [1.06500000e+03 2.09000000e+02 1.23368762e-03 1.54000000e+02]
 [7.35000000e+02 4.87000000e+02 3.51775527e-01 1.55000000e+02]
 [7.05000000e+02 7.92000000e+02 1.72470207e-03 1.56000000e+02]
 [7.46000000e+02 8.59000000e+02 1.27296441e-03 1.57000000e+02]
 [7.50000000e+02 8.62000000e+02 1.27185683e-03 1.58000000e+02]
 [7.56000000e+02 8.65000000e+02 1.27574254e-03 1.59000000e+02]
 [7.58000000e+02 8.66000000e+02 1.27627386e-03 1.60000000e+02]
 [7.59000000e+02 8.67000000e+02 1.27600657e-03 1.61000000e+02]
 [7.64000000e+02 8.69000000e+02 1.27365137e-03 1.62000000e+02]
 [4.43000000e+02 9.49000000e+02 1.31192827e-03 1.63000000e+02]
 [5.49000000e+02 1.04400000e+03 1.24739553e-03 1.64000000e+02]
 [6.59000000e+02 4.79000000e+02 6.29837751e-01 1.65000000e+02]
 [1.03700000e+03 5.21000000e+02 1.32860465e-03 1.66000000e+02]
 [1.07900000e+03 5.26000000e+02 1.08888268e-03 1.67000000e+02]
 [3.77000000e+02 5.48000000e+02 1.61421485e-03 1.68000000e+02]
 [9.55000000e+02 6.88000000e+02 1.36574951e-03 1.69000000e+02]
 [7.11000000e+02 9.60000000e+02 2.05306453e-03 1.70000000e+02]
 [7.96000000e+02 1.10800000e+03 1.75454142e-03 1.71000000e+02]
 [5.40000000e+02 1.21000000e+03 4.56217257e-03 1.72000000e+02]
 [4.59000000e+02 4.28000000e+02 1.17090368e-03 1.73000000e+02]
 [9.40000000e+02 4.85000000e+02 3.02630314e-03 1.74000000e+02]
 [7.63000000e+02 5.02000000e+02 3.62953655e-02 1.75000000e+02]
 [3.78000000e+02 5.40000000e+02 1.12834352e-03 1.76000000e+02]
 [7.16000000e+02 9.22000000e+02 1.46246946e-03 1.77000000e+02]
 [7.85000000e+02 1.02600000e+03 1.02580548e-03 1.78000000e+02]
 [7.98000000e+02 1.08600000e+03 1.07429584e-03 1.79000000e+02]]