[[8.04000000e+02 4.82000000e+02 7.54345179e-01 0.00000000e+00]
 [7.31000000e+02 5.74000000e+02 9.19785678e-01 1.00000000e+00]
 [6.44000000e+02 5.63000000e+02 9.04675663e-01 2.00000000e+00]
 [6.20000000e+02 6.44000000e+02 7.21680343e-01 3.00000000e+00]
 [7.19000000e+02 5.69000000e+02 8.19963932e-01 4.00000000e+00]
 [8.15000000e+02 5.85000000e+02 9.00461435e-01 5.00000000e+00]
 [8.59000000e+02 6.92000000e+02 8.05106282e-01 6.00000000e+00]
 [8.63000000e+02 8.04000000e+02 6.39603615e-01 7.00000000e+00]
 [6.50000000e+02 8.53000000e+02 9.21693146e-01 8.00000000e+00]
 [5.76000000e+02 1.03300000e+03 8.94482970e-01 9.00000000e+00]
 [5.29000000e+02 1.21000000e+03 9.09864366e-01 1.00000000e+01]
 [7.89000000e+02 8.56000000e+02 9.53308940e-01 1.10000000e+01]
 [8.82000000e+02 1.04300000e+03 8.68110418e-01 1.20000000e+01]
 [9.09000000e+02 1.21500000e+03 6.26680672e-01 1.30000000e+01]
 [7.92000000e+02 4.70000000e+02 8.01725388e-01 1.40000000e+01]
 [7.27000000e+02 4.67000000e+02 8.14993501e-01 1.50000000e+01]]