[[7.28000000e+02 5.01000000e+02 7.81659901e-01 0.00000000e+00]
 [6.66000000e+02 5.94000000e+02 9.00006354e-01 1.00000000e+00]
 [5.89000000e+02 5.90000000e+02 8.47696483e-01 2.00000000e+00]
 [5.87000000e+02 6.80000000e+02 6.39235616e-01 3.00000000e+00]
 [7.45000000e+02 6.02000000e+02 8.83551836e-01 4.00000000e+00]
 [7.75000000e+02 7.10000000e+02 8.17343593e-01 5.00000000e+00]
 [7.71000000e+02 7.95000000e+02 8.68996263e-01 6.00000000e+00]
 [5.78000000e+02 8.51000000e+02 9.47281837e-01 7.00000000e+00]
 [5.33000000e+02 1.03300000e+03 8.93658221e-01 8.00000000e+00]
 [4.68000000e+02 1.19800000e+03 8.31722319e-01 9.00000000e+00]
 [7.05000000e+02 8.51000000e+02 9.43222404e-01 1.00000000e+01]
 [7.96000000e+02 1.02000000e+03 8.89810860e-01 1.10000000e+01]
 [8.02000000e+02 1.19000000e+03 6.92772865e-01 1.20000000e+01]
 [7.15000000e+02 4.86000000e+02 8.13824236e-01 1.30000000e+01]
 [6.62000000e+02 4.89000000e+02 7.88850546e-01 1.40000000e+01]]