[[7.54000000e+02 5.34000000e+02 8.23264897e-01 0.00000000e+00]
 [6.74000000e+02 5.81000000e+02 8.99541020e-01 1.00000000e+00]
 [5.98000000e+02 5.56000000e+02 9.05833960e-01 2.00000000e+00]
 [6.01000000e+02 6.72000000e+02 7.53992617e-01 3.00000000e+00]
 [6.97000000e+02 5.86000000e+02 6.46716356e-01 4.00000000e+00]
 [7.54000000e+02 6.04000000e+02 9.02887464e-01 5.00000000e+00]
 [7.68000000e+02 7.15000000e+02 8.98642302e-01 6.00000000e+00]
 [7.74000000e+02 8.32000000e+02 9.61036563e-01 7.00000000e+00]
 [5.58000000e+02 8.34000000e+02 9.49046314e-01 8.00000000e+00]
 [5.27000000e+02 1.02900000e+03 9.08173025e-01 9.00000000e+00]
 [4.64000000e+02 1.20500000e+03 8.50768507e-01 1.00000000e+01]
 [6.84000000e+02 8.43000000e+02 8.92950058e-01 1.10000000e+01]
 [7.74000000e+02 9.97000000e+02 9.15270030e-01 1.20000000e+01]
 [8.02000000e+02 1.16600000e+03 8.18905234e-01 1.30000000e+01]
 [7.37000000e+02 5.12000000e+02 8.06373358e-01 1.40000000e+01]
 [7.61000000e+02 5.10000000e+02 5.38305581e-01 1.50000000e+01]
 [6.84000000e+02 4.90000000e+02 7.96621621e-01 1.60000000e+01]]