[[1.40000000e+01 1.88000000e+02 1.07930927e-03 0.00000000e+00]
 [1.40000000e+01 2.12000000e+02 1.08001463e-03 1.00000000e+00]
 [7.88000000e+02 3.03000000e+02 6.83716033e-03 2.00000000e+00]
 [5.52000000e+02 5.29000000e+02 7.04475865e-03 3.00000000e+00]
 [1.02000000e+03 5.31000000e+02 5.54751744e-03 4.00000000e+00]
 [3.76000000e+02 5.40000000e+02 1.41017488e-03 5.00000000e+00]
 [7.81000000e+02 5.43000000e+02 7.28111923e-01 6.00000000e+00]
 [8.01000000e+02 7.81000000e+02 2.87556276e-03 7.00000000e+00]
 [4.40000000e+02 9.53000000e+02 1.02931797e-03 8.00000000e+00]
 [5.58000000e+02 1.06300000e+03 1.26561697e-03 9.00000000e+00]
 [7.87000000e+02 1.09000000e+03 1.93531474e-03 1.00000000e+01]
 [4.55000000e+02 1.21000000e+03 1.06201542e-03 1.10000000e+01]
 [7.52000000e+02 2.98000000e+02 1.24007789e-03 1.20000000e+01]
 [7.59000000e+02 2.99000000e+02 1.23648997e-03 1.30000000e+01]
 [9.50000000e+02 5.56000000e+02 1.95672852e-03 1.40000000e+01]
 [6.87000000e+02 5.73000000e+02 8.56643617e-01 1.50000000e+01]
 [6.29000000e+02 8.76000000e+02 2.90694064e-03 1.60000000e+01]
 [5.67000000e+02 9.13000000e+02 1.98268006e-03 1.70000000e+01]
 [5.42000000e+02 9.46000000e+02 2.14159768e-03 1.80000000e+01]
 [7.88000000e+02 9.51000000e+02 2.09690141e-03 1.90000000e+01]
 [8.42000000e+02 1.40000000e+01 1.03586330e-03 2.00000000e+01]
 [6.44000000e+02 2.99000000e+02 1.99431716e-03 2.10000000e+01]
 [3.82000000e+02 5.35000000e+02 2.26498861e-03 2.20000000e+01]
 [6.33000000e+02 5.64000000e+02 9.07794058e-01 2.30000000e+01]
 [9.49000000e+02 5.99000000e+02 3.42930458e-03 2.40000000e+01]
 [5.38000000e+02 9.59000000e+02 1.62475265e-03 2.50000000e+01]
 [7.91000000e+02 9.59000000e+02 3.02160508e-03 2.60000000e+01]
 [6.25000000e+02 1.21000000e+03 1.26703898e-03 2.70000000e+01]
 [7.68000000e+02 3.90000000e+02 3.95262893e-03 2.80000000e+01]
 [7.70000000e+02 3.91000000e+02 3.95815773e-03 2.90000000e+01]
 [7.90000000e+02 3.98000000e+02 3.90674081e-03 3.00000000e+01]
 [9.47000000e+02 5.56000000e+02 1.10534234e-02 3.10000000e+01]
 [1.07900000e+03 5.83000000e+02 3.79043585e-03 3.20000000e+01]
 [6.93000000e+02 6.71000000e+02 8.04843307e-01 3.30000000e+01]
 [9.46000000e+02 6.78000000e+02 9.47016198e-03 3.40000000e+01]
 [3.85000000e+02 8.40000000e+02 1.35706784e-03 3.50000000e+01]
 [7.06000000e+02 1.03800000e+03 1.29408250e-03 3.60000000e+01]
 [6.22000000e+02 1.21000000e+03 1.37753761e-03 3.70000000e+01]
 [3.73000000e+02 1.21200000e+03 1.29052624e-03 3.80000000e+01]
 [8.43000000e+02 1.21900000e+03 1.36356242e-03 3.90000000e+01]
 [7.86000000e+02 3.06000000e+02 3.39748128e-03 4.00000000e+01]
 [1.02700000e+03 5.50000000e+02 3.34742805e-03 4.10000000e+01]
 [5.53000000e+02 5.54000000e+02 5.41400397e-03 4.20000000e+01]
 [7.83000000e+02 5.60000000e+02 6.05933011e-01 4.30000000e+01]
 [1.02700000e+03 6.77000000e+02 1.70409866e-03 4.40000000e+01]
 [1.02600000e+03 6.87000000e+02 1.68357289e-03 4.50000000e+01]
 [1.02500000e+03 6.91000000e+02 1.66964647e-03 4.60000000e+01]
 [1.02400000e+03 6.96000000e+02 1.65609783e-03 4.70000000e+01]
 [1.02300000e+03 6.99000000e+02 1.65669504e-03 4.80000000e+01]
 [1.02200000e+03 7.01000000e+02 1.66486495e-03 4.90000000e+01]
 [1.02100000e+03 7.04000000e+02 1.66998059e-03 5.00000000e+01]
 [1.02000000e+03 7.07000000e+02 1.67219620e-03 5.10000000e+01]
 [7.98000000e+02 1.17800000e+03 2.55854265e-03 5.20000000e+01]
 [6.31000000e+02 1.19300000e+03 2.77127768e-03 5.30000000e+01]
 [3.56000000e+02 1.20900000e+03 1.61999359e-03 5.40000000e+01]
 [5.39000000e+02 1.33500000e+03 1.72297249e-03 5.50000000e+01]
 [8.39000000e+02 1.40000000e+01 1.19983742e-03 5.60000000e+01]
 [9.75000000e+02 3.57000000e+02 1.04164437e-03 5.70000000e+01]
 [4.70000000e+02 4.56000000e+02 3.79962265e-03 5.80000000e+01]
 [7.40000000e+02 5.83000000e+02 7.78502882e-01 5.90000000e+01]
 [4.68000000e+02 6.43000000e+02 2.77274079e-03 6.00000000e+01]
 [7.95000000e+02 9.60000000e+02 2.27053836e-03 6.10000000e+01]
 [8.71000000e+02 1.04000000e+03 1.23683922e-03 6.20000000e+01]
 [6.33000000e+02 1.21200000e+03 1.52378017e-03 6.30000000e+01]
 [7.93000000e+02 4.78000000e+02 3.31138335e-02 6.40000000e+01]
 [1.07900000e+03 5.50000000e+02 2.33623502e-03 6.50000000e+01]
 [7.53000000e+02 7.27000000e+02 6.16587758e-01 6.60000000e+01]
 [6.44000000e+02 1.04100000e+03 2.27825949e-03 6.70000000e+01]
 [6.34000000e+02 1.21400000e+03 1.28159870e-03 6.80000000e+01]
 [8.70000000e+02 1.21700000e+03 1.50972861e-03 6.90000000e+01]
 [1.40000000e+01 1.40000000e+01 1.11271697e-03 7.00000000e+01]
 [7.33000000e+02 4.68000000e+02 2.39901524e-02 7.10000000e+01]
 [7.34000000e+02 4.69000000e+02 2.39895172e-02 7.20000000e+01]
 [1.07900000e+03 7.89000000e+02 1.53427129e-03 7.30000000e+01]
 [1.03200000e+03 7.92000000e+02 5.08782687e-03 7.40000000e+01]
 [7.80000000e+02 8.06000000e+02 6.64029419e-01 7.50000000e+01]
 [4.46000000e+02 8.42000000e+02 1.07922067e-03 7.60000000e+01]
 [9.49000000e+02 1.03300000e+03 1.06455646e-02 7.70000000e+01]
 [6.13000000e+02 1.06600000e+03 2.09765998e-03 7.80000000e+01]
 [6.86000000e+02 1.12300000e+03 3.25382641e-03 7.90000000e+01]
 [7.98000000e+02 4.90000000e+02 4.50725341e-03 8.00000000e+01]
 [7.66000000e+02 6.42000000e+02 1.28099481e-02 8.10000000e+01]
 [8.64000000e+02 8.07000000e+02 5.21681085e-03 8.20000000e+01]
 [5.77000000e+02 8.45000000e+02 9.26793396e-01 8.30000000e+01]
 [1.06500000e+03 9.08000000e+02 2.57184543e-03 8.40000000e+01]
 [6.90000000e+02 1.12700000e+03 1.26830442e-03 8.50000000e+01]
 [6.93000000e+02 1.12800000e+03 1.24416139e-03 8.60000000e+01]
 [6.25000000e+02 1.20800000e+03 1.64391159e-03 8.70000000e+01]
 [7.80000000e+02 5.57000000e+02 5.03227022e-03 8.80000000e+01]
 [1.06500000e+03 6.70000000e+02 1.18835666e-03 8.90000000e+01]
 [4.65000000e+02 7.11000000e+02 2.72508175e-03 9.00000000e+01]
 [7.87000000e+02 8.10000000e+02 3.23221982e-02 9.10000000e+01]
 [9.42000000e+02 8.70000000e+02 9.97624639e-03 9.20000000e+01]
 [9.43000000e+02 8.71000000e+02 9.98076424e-03 9.30000000e+01]
 [1.07900000e+03 9.68000000e+02 2.20076367e-03 9.40000000e+01]
 [5.35000000e+02 1.03800000e+03 8.68499637e-01 9.50000000e+01]
 [7.77000000e+02 1.04300000e+03 1.96822342e-02 9.60000000e+01]
 [7.77000000e+02 1.07000000e+03 1.97208654e-02 9.70000000e+01]
 [1.06500000e+03 1.12700000e+03 1.03678904e-03 9.80000000e+01]
 [6.98000000e+02 1.27400000e+03 1.48491049e-03 9.90000000e+01]
 [4.64000000e+02 1.37700000e+03 1.11853285e-03 1.00000000e+02]
 [4.58000000e+02 5.41000000e+02 3.84534174e-03 1.01000000e+02]
 [7.18000000e+02 5.42000000e+02 2.58374470e-03 1.02000000e+02]
 [8.60000000e+02 5.74000000e+02 2.74687982e-03 1.03000000e+02]
 [7.27000000e+02 7.68000000e+02 9.41221975e-03 1.04000000e+02]
 [4.56000000e+02 8.06000000e+02 3.25531093e-03 1.05000000e+02]
 [4.14000000e+02 8.77000000e+02 3.35749402e-03 1.06000000e+02]
 [4.13000000e+02 8.78000000e+02 3.36822914e-03 1.07000000e+02]
 [6.22000000e+02 8.79000000e+02 3.47208837e-03 1.08000000e+02]
 [9.74000000e+02 9.41000000e+02 1.32917054e-03 1.09000000e+02]
 [1.07900000e+03 1.17300000e+03 2.09667697e-03 1.10000000e+02]
 [7.80000000e+02 1.19600000e+03 4.83717546e-02 1.11000000e+02]
 [4.68000000e+02 1.20100000e+03 8.02951634e-01 1.12000000e+02]
 [2.26000000e+02 1.29300000e+03 2.34773313e-03 1.13000000e+02]
 [1.06500000e+03 1.90500000e+03 1.03271275e-03 1.14000000e+02]
 [6.62000000e+02 4.82000000e+02 2.56844680e-03 1.15000000e+02]
 [8.11000000e+02 5.51000000e+02 5.17050130e-03 1.16000000e+02]
 [8.13000000e+02 5.52000000e+02 5.16626658e-03 1.17000000e+02]
 [3.75000000e+02 7.86000000e+02 3.89041426e-03 1.18000000e+02]
 [6.91000000e+02 8.39000000e+02 9.12184000e-01 1.19000000e+02]
 [9.45000000e+02 8.55000000e+02 3.10988119e-03 1.20000000e+02]
 [1.06500000e+03 9.36000000e+02 2.16789986e-03 1.21000000e+02]
 [8.93000000e+02 1.06500000e+03 2.26291060e-03 1.22000000e+02]
 [5.62000000e+02 1.12600000e+03 3.09795025e-03 1.23000000e+02]
 [6.34000000e+02 1.20200000e+03 2.29436695e-03 1.24000000e+02]
 [8.67000000e+02 1.22300000e+03 2.53687426e-03 1.25000000e+02]
 [1.40000000e+01 1.40000000e+01 1.26289623e-03 1.26000000e+02]
 [7.00000000e+02 5.42000000e+02 5.16010681e-03 1.27000000e+02]
 [5.40000000e+02 7.03000000e+02 2.44727731e-03 1.28000000e+02]
 [7.94000000e+02 1.01100000e+03 8.95988941e-01 1.29000000e+02]
 [1.01800000e+03 1.02200000e+03 8.06674547e-03 1.30000000e+02]
 [5.52000000e+02 1.08800000e+03 2.33737333e-03 1.31000000e+02]
 [7.93000000e+02 1.28700000e+03 2.36977031e-03 1.32000000e+02]
 [9.46000000e+02 1.29300000e+03 2.04391242e-03 1.33000000e+02]
 [9.61000000e+02 1.33400000e+03 2.05265800e-03 1.34000000e+02]
 [9.58000000e+02 1.34400000e+03 2.05262005e-03 1.35000000e+02]
 [9.47000000e+02 1.37200000e+03 2.07161624e-03 1.36000000e+02]
 [9.46000000e+02 1.37300000e+03 2.07254034e-03 1.37000000e+02]
 [9.32000000e+02 1.43100000e+03 2.18662317e-03 1.38000000e+02]
 [8.44000000e+02 1.45900000e+03 1.93414383e-03 1.39000000e+02]
 [6.28000000e+02 4.61000000e+02 1.11080077e-03 1.40000000e+02]
 [7.61000000e+02 5.21000000e+02 3.53569281e-03 1.41000000e+02]
 [7.60000000e+02 5.22000000e+02 3.53671308e-03 1.42000000e+02]
 [4.58000000e+02 5.42000000e+02 4.38524270e-03 1.43000000e+02]
 [6.22000000e+02 6.23000000e+02 3.82949645e-03 1.44000000e+02]
 [9.57000000e+02 6.75000000e+02 1.54955557e-03 1.45000000e+02]
 [5.37000000e+02 7.25000000e+02 1.29032659e-03 1.46000000e+02]
 [7.96000000e+02 7.92000000e+02 5.21384832e-03 1.47000000e+02]
 [7.23000000e+02 8.19000000e+02 3.79359419e-03 1.48000000e+02]
 [6.92000000e+02 8.81000000e+02 6.15374371e-03 1.49000000e+02]
 [8.72000000e+02 8.82000000e+02 3.83586623e-03 1.50000000e+02]
 [1.06500000e+03 1.01200000e+03 1.34147541e-03 1.51000000e+02]
 [5.58000000e+02 1.09900000e+03 1.66160520e-02 1.52000000e+02]
 [4.76000000e+02 1.11600000e+03 7.04550324e-03 1.53000000e+02]
 [7.99000000e+02 1.19300000e+03 7.26422489e-01 1.54000000e+02]
 [5.50000000e+02 1.28800000e+03 1.14903681e-03 1.55000000e+02]
 [8.52000000e+02 1.53400000e+03 3.76633741e-03 1.56000000e+02]
 [7.80000000e+02 5.22000000e+02 7.25604713e-01 1.57000000e+02]
 [7.62000000e+02 9.61000000e+02 1.23958499e-03 1.58000000e+02]
 [4.57000000e+02 1.21000000e+03 1.09518925e-02 1.59000000e+02]
 [7.86000000e+02 1.21400000e+03 1.26657949e-03 1.60000000e+02]
 [5.51000000e+02 3.95000000e+02 1.07795524e-03 1.61000000e+02]
 [7.70000000e+02 5.31000000e+02 2.23237783e-01 1.62000000e+02]
 [5.50000000e+02 5.39000000e+02 1.99713837e-03 1.63000000e+02]
 [5.91000000e+02 7.33000000e+02 1.53478654e-03 1.64000000e+02]
 [5.38000000e+02 7.87000000e+02 1.55765156e-03 1.65000000e+02]
 [4.44000000e+02 9.56000000e+02 1.20333885e-03 1.66000000e+02]
 [7.21000000e+02 4.84000000e+02 8.18279266e-01 1.67000000e+02]
 [1.03700000e+03 4.91000000e+02 1.39396591e-03 1.68000000e+02]
 [4.64000000e+02 5.09000000e+02 1.45317789e-03 1.69000000e+02]
 [3.72000000e+02 5.41000000e+02 1.23064080e-03 1.70000000e+02]
 [5.11000000e+02 7.31000000e+02 1.38380891e-03 1.71000000e+02]
 [7.48000000e+02 9.62000000e+02 2.50548543e-03 1.72000000e+02]
 [7.95000000e+02 1.12300000e+03 1.99080608e-03 1.73000000e+02]
 [5.40000000e+02 1.21100000e+03 2.73927581e-03 1.74000000e+02]
 [7.56000000e+02 4.76000000e+02 2.32618935e-02 1.75000000e+02]
 [7.62000000e+02 9.59000000e+02 1.73266220e-03 1.76000000e+02]
 [7.98000000e+02 1.12000000e+03 1.17175037e-03 1.77000000e+02]]