[[6.67000000e+02 5.12000000e+02 6.22306526e-01 0.00000000e+00]
 [6.66000000e+02 5.65000000e+02 9.10021067e-01 1.00000000e+00]
 [5.90000000e+02 5.55000000e+02 8.10152411e-01 2.00000000e+00]
 [6.54000000e+02 6.04000000e+02 5.02141833e-01 3.00000000e+00]
 [7.58000000e+02 4.73000000e+02 6.67764664e-01 4.00000000e+00]
 [7.50000000e+02 5.68000000e+02 8.53109002e-01 5.00000000e+00]
 [7.78000000e+02 6.89000000e+02 7.96638012e-01 6.00000000e+00]
 [7.71000000e+02 7.80000000e+02 8.62022460e-01 7.00000000e+00]
 [5.85000000e+02 8.38000000e+02 9.59337234e-01 8.00000000e+00]
 [5.30000000e+02 1.03400000e+03 9.47980285e-01 9.00000000e+00]
 [4.62000000e+02 1.20200000e+03 8.61431062e-01 1.00000000e+01]
 [7.05000000e+02 8.42000000e+02 9.23827410e-01 1.10000000e+01]
 [7.99000000e+02 1.02200000e+03 9.00173187e-01 1.20000000e+01]
 [8.19000000e+02 1.18700000e+03 6.84627533e-01 1.30000000e+01]
 [6.59000000e+02 4.88000000e+02 5.48031926e-01 1.40000000e+01]
 [6.80000000e+02 4.82000000e+02 5.69723964e-01 1.50000000e+01]
 [6.43000000e+02 4.76000000e+02 5.01945734e-01 1.60000000e+01]]