[[1.40000000e+01 1.83000000e+02 1.03522441e-03 0.00000000e+00]
 [1.40000000e+01 2.13000000e+02 1.03310356e-03 1.00000000e+00]
 [3.81000000e+02 4.72000000e+02 3.16548022e-03 2.00000000e+00]
 [6.34000000e+02 5.15000000e+02 9.04624403e-01 3.00000000e+00]
 [9.56000000e+02 6.23000000e+02 2.52282247e-03 4.00000000e+00]
 [8.14000000e+02 7.58000000e+02 2.12295726e-03 5.00000000e+00]
 [8.13000000e+02 7.60000000e+02 2.12681713e-03 6.00000000e+00]
 [8.12000000e+02 7.61000000e+02 2.13019922e-03 7.00000000e+00]
 [8.11000000e+02 7.64000000e+02 2.12982367e-03 8.00000000e+00]
 [1.06500000e+03 7.69000000e+02 1.19558617e-03 9.00000000e+00]
 [5.39000000e+02 7.92000000e+02 2.19957810e-03 1.00000000e+01]
 [7.89000000e+02 8.06000000e+02 2.65543442e-03 1.10000000e+01]
 [5.46000000e+02 9.79000000e+02 1.25407975e-03 1.20000000e+01]
 [7.83000000e+02 1.04400000e+03 1.78018969e-03 1.30000000e+01]
 [4.60000000e+02 1.20400000e+03 1.18281471e-03 1.40000000e+01]
 [6.25000000e+02 2.99000000e+02 1.33149570e-03 1.50000000e+01]
 [6.55000000e+02 5.69000000e+02 8.85285020e-01 1.60000000e+01]
 [9.56000000e+02 5.74000000e+02 1.09723723e-03 1.70000000e+01]
 [7.89000000e+02 9.01000000e+02 2.65465374e-03 1.80000000e+01]
 [5.36000000e+02 9.08000000e+02 1.84559682e-03 1.90000000e+01]
 [7.91000000e+02 1.40000000e+01 2.75631668e-03 2.00000000e+01]
 [5.64000000e+02 5.65000000e+02 9.28141117e-01 2.10000000e+01]
 [9.54000000e+02 5.99000000e+02 4.92648967e-03 2.20000000e+01]
 [8.67000000e+02 6.25000000e+02 1.81945658e-03 2.30000000e+01]
 [3.83000000e+02 7.87000000e+02 1.06798450e-03 2.40000000e+01]
 [7.33000000e+02 7.95000000e+02 1.38486549e-03 2.50000000e+01]
 [7.43000000e+02 8.02000000e+02 1.42065866e-03 2.60000000e+01]
 [7.92000000e+02 8.04000000e+02 1.08709291e-03 2.70000000e+01]
 [7.94000000e+02 8.05000000e+02 1.08560326e-03 2.80000000e+01]
 [7.95000000e+02 8.06000000e+02 1.08386099e-03 2.90000000e+01]
 [7.96000000e+02 8.07000000e+02 1.08302583e-03 3.00000000e+01]
 [3.60000000e+02 8.24000000e+02 1.16947398e-03 3.10000000e+01]
 [4.50000000e+02 8.78000000e+02 2.39659566e-03 3.20000000e+01]
 [7.65000000e+02 9.73000000e+02 3.48771503e-03 3.30000000e+01]
 [6.24000000e+02 1.21000000e+03 1.72427739e-03 3.40000000e+01]
 [1.07900000e+03 6.22000000e+02 1.60637952e-03 3.50000000e+01]
 [7.86000000e+02 6.28000000e+02 6.19859435e-03 3.60000000e+01]
 [9.54000000e+02 6.48000000e+02 7.02056754e-03 3.70000000e+01]
 [5.20000000e+02 6.87000000e+02 8.84125412e-01 3.80000000e+01]
 [7.82000000e+02 7.90000000e+02 8.10937677e-03 3.90000000e+01]
 [5.72000000e+02 9.41000000e+02 4.35012206e-03 4.00000000e+01]
 [7.82000000e+02 9.61000000e+02 1.54584914e-03 4.10000000e+01]
 [6.22000000e+02 1.21000000e+03 2.21713842e-03 4.20000000e+01]
 [7.92000000e+02 1.26600000e+03 1.26025768e-03 4.30000000e+01]
 [1.40000000e+01 1.40000000e+01 2.41860794e-03 4.40000000e+01]
 [3.75000000e+02 4.62000000e+02 1.39759528e-03 4.50000000e+01]
 [5.42000000e+02 4.78000000e+02 8.97316448e-03 4.60000000e+01]
 [7.87000000e+02 5.34000000e+02 3.77874915e-03 4.70000000e+01]
 [1.06500000e+03 6.46000000e+02 4.01225779e-03 4.80000000e+01]
 [5.26000000e+02 7.61000000e+02 7.08523870e-01 4.90000000e+01]
 [9.58000000e+02 8.03000000e+02 3.57373524e-03 5.00000000e+01]
 [7.81000000e+02 8.09000000e+02 1.00827264e-02 5.10000000e+01]
 [7.34000000e+02 9.68000000e+02 6.80827396e-03 5.20000000e+01]
 [3.73000000e+02 1.03500000e+03 2.33340985e-03 5.30000000e+01]
 [5.69000000e+02 1.04100000e+03 2.80333892e-03 5.40000000e+01]
 [3.63000000e+02 1.10800000e+03 1.25642947e-03 5.50000000e+01]
 [7.93000000e+02 1.13200000e+03 2.90301978e-03 5.60000000e+01]
 [6.47000000e+02 1.20600000e+03 2.51171063e-03 5.70000000e+01]
 [2.99000000e+02 1.21100000e+03 2.67512887e-03 5.80000000e+01]
 [8.36000000e+02 1.25400000e+03 1.18725991e-03 5.90000000e+01]
 [8.08000000e+02 1.27600000e+03 1.22231350e-03 6.00000000e+01]
 [8.07000000e+02 1.27700000e+03 1.22195436e-03 6.10000000e+01]
 [4.46000000e+02 1.37400000e+03 1.62893545e-03 6.20000000e+01]
 [7.91000000e+02 1.40000000e+01 2.81040766e-03 6.30000000e+01]
 [7.86000000e+02 3.03000000e+02 2.51746480e-03 6.40000000e+01]
 [9.84000000e+02 3.46000000e+02 1.05157390e-03 6.50000000e+01]
 [3.74000000e+02 5.33000000e+02 1.13038719e-03 6.60000000e+01]
 [7.46000000e+02 5.62000000e+02 8.78819168e-01 6.70000000e+01]
 [4.58000000e+02 6.20000000e+02 4.20487253e-03 6.80000000e+01]
 [9.76000000e+02 8.14000000e+02 1.31108088e-03 6.90000000e+01]
 [5.08000000e+02 8.79000000e+02 1.69693795e-03 7.00000000e+01]
 [8.80000000e+02 8.80000000e+02 2.63647758e-03 7.10000000e+01]
 [7.89000000e+02 1.00100000e+03 3.16621084e-03 7.20000000e+01]
 [5.40000000e+02 1.04300000e+03 2.54156650e-03 7.30000000e+01]
 [6.28000000e+02 1.20700000e+03 1.82855548e-03 7.40000000e+01]
 [1.40000000e+01 1.40000000e+01 1.19384087e-03 7.50000000e+01]
 [1.40000000e+01 9.40000000e+01 1.24390761e-03 7.60000000e+01]
 [6.24000000e+02 3.78000000e+02 1.13857421e-03 7.70000000e+01]
 [6.01000000e+02 4.20000000e+02 1.19137124e-03 7.80000000e+01]
 [1.02500000e+03 6.48000000e+02 4.60569188e-03 7.90000000e+01]
 [7.94000000e+02 6.88000000e+02 8.42240334e-01 8.00000000e+01]
 [5.46000000e+02 7.08000000e+02 1.25832693e-03 8.10000000e+01]
 [7.90000000e+02 9.49000000e+02 6.57632202e-03 8.20000000e+01]
 [8.81000000e+02 1.04200000e+03 1.60392828e-03 8.30000000e+01]
 [4.59000000e+02 1.21100000e+03 1.63037947e-03 8.40000000e+01]
 [6.32000000e+02 1.21400000e+03 2.59119435e-03 8.50000000e+01]
 [1.40000000e+01 1.40000000e+01 2.51969066e-03 8.60000000e+01]
 [6.19000000e+02 4.05000000e+02 3.41387466e-03 8.70000000e+01]
 [6.03000000e+02 4.36000000e+02 3.34141869e-03 8.80000000e+01]
 [5.86000000e+02 4.58000000e+02 3.38643952e-03 8.90000000e+01]
 [7.71000000e+02 4.63000000e+02 2.59260996e-03 9.00000000e+01]
 [7.70000000e+02 4.64000000e+02 2.58772564e-03 9.10000000e+01]
 [7.44000000e+02 5.50000000e+02 9.17572156e-03 9.20000000e+01]
 [1.07900000e+03 6.35000000e+02 2.58437824e-03 9.30000000e+01]
 [1.03300000e+03 6.93000000e+02 3.32183158e-03 9.40000000e+01]
 [3.73000000e+02 7.09000000e+02 1.54405786e-03 9.50000000e+01]
 [7.79000000e+02 7.94000000e+02 1.01621401e+00 9.60000000e+01]
 [9.13000000e+02 1.03800000e+03 5.67187741e-03 9.70000000e+01]
 [6.31000000e+02 1.04000000e+03 1.11837510e-03 9.80000000e+01]
 [6.28000000e+02 1.04100000e+03 1.10652123e-03 9.90000000e+01]
 [6.25000000e+02 1.04200000e+03 1.09604548e-03 1.00000000e+02]
 [6.32000000e+02 1.15600000e+03 2.67986231e-03 1.01000000e+02]
 [8.91000000e+02 1.37600000e+03 1.11761235e-03 1.02000000e+02]
 [1.40000000e+01 1.40000000e+01 1.72293012e-03 1.03000000e+02]
 [1.00000000e+02 1.16000000e+02 1.38763175e-03 1.04000000e+02]
 [8.79000000e+02 6.21000000e+02 1.54542644e-03 1.05000000e+02]
 [5.84000000e+02 8.18000000e+02 9.08714533e-01 1.06000000e+02]
 [6.20000000e+02 1.20400000e+03 1.60112022e-03 1.07000000e+02]
 [7.35000000e+02 1.40000000e+01 1.01996900e-03 1.08000000e+02]
 [7.13000000e+02 5.43000000e+02 2.94802664e-03 1.09000000e+02]
 [6.27000000e+02 7.09000000e+02 2.36180611e-03 1.10000000e+02]
 [3.55000000e+02 7.70000000e+02 2.83440598e-03 1.11000000e+02]
 [7.72000000e+02 9.55000000e+02 3.75230354e-03 1.12000000e+02]
 [9.47000000e+02 9.66000000e+02 5.11264801e-03 1.13000000e+02]
 [5.37000000e+02 1.01100000e+03 9.16407406e-01 1.14000000e+02]
 [3.01000000e+02 1.03400000e+03 3.29520111e-03 1.15000000e+02]
 [5.41000000e+02 1.29000000e+03 1.57178880e-03 1.16000000e+02]
 [4.47000000e+02 1.37900000e+03 1.01661321e-03 1.17000000e+02]
 [6.40000000e+02 5.39000000e+02 3.91713297e-03 1.18000000e+02]
 [8.88000000e+02 6.48000000e+02 1.06949813e-03 1.19000000e+02]
 [6.14000000e+02 7.16000000e+02 1.61217491e-03 1.20000000e+02]
 [3.80000000e+02 7.17000000e+02 2.22760532e-03 1.21000000e+02]
 [7.89000000e+02 7.86000000e+02 1.25332188e-03 1.22000000e+02]
 [4.48000000e+02 8.03000000e+02 3.77632701e-03 1.23000000e+02]
 [4.09000000e+02 8.81000000e+02 4.10543382e-03 1.24000000e+02]
 [6.23000000e+02 8.87000000e+02 3.65111907e-03 1.25000000e+02]
 [9.57000000e+02 9.25000000e+02 1.34843925e-03 1.26000000e+02]
 [9.56000000e+02 1.13400000e+03 4.40059602e-03 1.27000000e+02]
 [7.76000000e+02 1.17900000e+03 1.57990791e-02 1.28000000e+02]
 [4.77000000e+02 1.19700000e+03 8.49760532e-01 1.29000000e+02]
 [9.56000000e+02 1.28700000e+03 2.74870056e-03 1.30000000e+02]
 [5.28000000e+02 1.44500000e+03 5.00465417e-03 1.31000000e+02]
 [1.40000000e+01 1.40000000e+01 1.97126158e-03 1.32000000e+02]
 [9.60000000e+01 1.08000000e+02 1.63321814e-03 1.33000000e+02]
 [7.08000000e+02 5.47000000e+02 1.65536010e-03 1.34000000e+02]
 [7.08000000e+02 8.19000000e+02 9.04653668e-01 1.35000000e+02]
 [9.42000000e+02 8.44000000e+02 4.74838354e-03 1.36000000e+02]
 [4.65000000e+02 8.57000000e+02 2.76898965e-03 1.37000000e+02]
 [3.73000000e+02 8.75000000e+02 1.11963938e-03 1.38000000e+02]
 [8.81000000e+02 1.05000000e+03 1.82192016e-03 1.39000000e+02]
 [8.84000000e+02 1.05300000e+03 1.83127273e-03 1.40000000e+02]
 [8.85000000e+02 1.05400000e+03 1.82891206e-03 1.41000000e+02]
 [8.86000000e+02 1.05500000e+03 1.82493636e-03 1.42000000e+02]
 [6.02000000e+02 1.13600000e+03 3.28753050e-03 1.43000000e+02]
 [8.30000000e+02 1.23000000e+03 1.92199554e-03 1.44000000e+02]
 [1.40000000e+01 1.40000000e+01 1.76856678e-03 1.45000000e+02]
 [7.16000000e+02 5.45000000e+02 2.10824935e-03 1.46000000e+02]
 [5.70000000e+02 6.15000000e+02 2.61202967e-03 1.47000000e+02]
 [7.05000000e+02 7.09000000e+02 1.65431306e-03 1.48000000e+02]
 [9.82000000e+02 7.54000000e+02 1.28205516e-03 1.49000000e+02]
 [7.69000000e+02 9.92000000e+02 9.05385435e-01 1.50000000e+02]
 [4.54000000e+02 1.21000000e+03 1.73021969e-03 1.51000000e+02]
 [7.89000000e+02 1.29200000e+03 2.44940957e-03 1.52000000e+02]
 [9.54000000e+02 1.34600000e+03 2.68817553e-03 1.53000000e+02]
 [8.18000000e+02 1.46100000e+03 2.30225222e-03 1.54000000e+02]
 [1.40000000e+01 1.40000000e+01 1.30708038e-03 1.55000000e+02]
 [6.65000000e+02 5.41000000e+02 2.75899237e-03 1.56000000e+02]
 [4.56000000e+02 6.45000000e+02 1.41681905e-03 1.57000000e+02]
 [7.28000000e+02 8.00000000e+02 6.09951280e-03 1.58000000e+02]
 [7.04000000e+02 8.78000000e+02 4.73315129e-03 1.59000000e+02]
 [8.74000000e+02 8.86000000e+02 2.88946042e-03 1.60000000e+02]
 [5.51000000e+02 1.13500000e+03 4.14427789e-03 1.61000000e+02]
 [7.85000000e+02 1.18900000e+03 8.06781113e-01 1.62000000e+02]
 [1.02800000e+03 1.20100000e+03 2.24031159e-03 1.63000000e+02]
 [8.09000000e+02 1.52600000e+03 1.62222772e-03 1.64000000e+02]
 [8.62000000e+02 4.86000000e+02 2.26053246e-03 1.65000000e+02]
 [6.19000000e+02 4.90000000e+02 8.92513931e-01 1.66000000e+02]
 [3.87000000e+02 4.96000000e+02 5.50195528e-03 1.67000000e+02]
 [9.59000000e+02 6.24000000e+02 1.87321100e-03 1.68000000e+02]
 [8.07000000e+02 7.15000000e+02 1.28801190e-03 1.69000000e+02]
 [8.11000000e+02 7.21000000e+02 1.30072189e-03 1.70000000e+02]
 [8.12000000e+02 7.22000000e+02 1.29664864e-03 1.71000000e+02]
 [4.35000000e+02 7.42000000e+02 2.03152746e-03 1.72000000e+02]
 [4.75000000e+02 7.94000000e+02 1.85757119e-03 1.73000000e+02]
 [4.68000000e+02 8.03000000e+02 1.85096427e-03 1.74000000e+02]
 [4.67000000e+02 8.05000000e+02 1.85041944e-03 1.75000000e+02]
 [4.64000000e+02 8.16000000e+02 1.85239722e-03 1.76000000e+02]
 [4.63000000e+02 8.17000000e+02 1.85149908e-03 1.77000000e+02]
 [7.82000000e+02 8.86000000e+02 2.20244424e-03 1.78000000e+02]
 [6.12000000e+02 9.69000000e+02 1.39000011e-03 1.79000000e+02]
 [4.57000000e+02 1.20600000e+03 1.11815725e-02 1.80000000e+02]
 [7.90000000e+02 1.21000000e+03 3.86709254e-03 1.81000000e+02]
 [6.51000000e+02 4.84000000e+02 8.82599115e-01 1.82000000e+02]
 [9.53000000e+02 6.25000000e+02 2.19637365e-03 1.83000000e+02]
 [7.79000000e+02 8.73000000e+02 1.63799932e-03 1.84000000e+02]
 [5.30000000e+02 9.51000000e+02 1.85537082e-03 1.85000000e+02]
 [6.10000000e+02 4.86000000e+02 4.21334386e-01 1.86000000e+02]
 [9.61000000e+02 6.05000000e+02 1.14177074e-03 1.87000000e+02]
 [1.06500000e+03 7.40000000e+02 1.16566056e-03 1.88000000e+02]
 [7.95000000e+02 7.70000000e+02 2.67626089e-03 1.89000000e+02]
 [4.56000000e+02 8.23000000e+02 1.00671721e-03 1.90000000e+02]
 [7.19000000e+02 9.63000000e+02 3.19554983e-03 1.91000000e+02]
 [7.91000000e+02 1.11400000e+03 1.93666876e-03 1.92000000e+02]
 [6.94000000e+02 4.69000000e+02 8.29493642e-01 1.93000000e+02]
 [3.75000000e+02 4.80000000e+02 1.21551275e-03 1.94000000e+02]
 [7.36000000e+02 7.81000000e+02 1.36765512e-03 1.95000000e+02]
 [7.39000000e+02 9.69000000e+02 2.13259831e-03 1.96000000e+02]
 [7.91000000e+02 1.09400000e+03 1.39809330e-03 1.97000000e+02]]