[[6.74000000e+02 5.17000000e+02 7.60945380e-01 0.00000000e+00]
 [6.49000000e+02 5.80000000e+02 9.30228412e-01 1.00000000e+00]
 [5.58000000e+02 5.73000000e+02 9.64295328e-01 2.00000000e+00]
 [5.27000000e+02 6.92000000e+02 6.66281939e-01 3.00000000e+00]
 [7.37000000e+02 5.78000000e+02 8.99185836e-01 4.00000000e+00]
 [7.63000000e+02 7.00000000e+02 8.28622401e-01 5.00000000e+00]
 [7.69000000e+02 7.80000000e+02 8.89023304e-01 6.00000000e+00]
 [5.72000000e+02 8.41000000e+02 9.38927352e-01 7.00000000e+00]
 [5.35000000e+02 1.03000000e+03 9.34857011e-01 8.00000000e+00]
 [4.66000000e+02 1.20100000e+03 8.56481314e-01 9.00000000e+00]
 [7.02000000e+02 8.36000000e+02 9.33166802e-01 1.00000000e+01]
 [7.73000000e+02 9.96000000e+02 8.98737907e-01 1.10000000e+01]
 [7.96000000e+02 1.15500000e+03 8.19502294e-01 1.20000000e+01]
 [6.61000000e+02 4.94000000e+02 7.59371161e-01 1.30000000e+01]
 [6.93000000e+02 4.93000000e+02 7.80612171e-01 1.40000000e+01]
 [6.31000000e+02 4.83000000e+02 6.48965836e-01 1.50000000e+01]
 [7.04000000e+02 4.78000000e+02 5.57805359e-01 1.60000000e+01]]