[[6.74000000e+02 5.00000000e+02 7.27100432e-01 0.00000000e+00]
 [6.43000000e+02 5.63000000e+02 9.11974430e-01 1.00000000e+00]
 [5.72000000e+02 5.53000000e+02 9.43805695e-01 2.00000000e+00]
 [6.35000000e+02 6.43000000e+02 8.37863684e-01 3.00000000e+00]
 [7.16000000e+02 5.43000000e+02 8.98659587e-01 4.00000000e+00]
 [7.16000000e+02 5.66000000e+02 8.62441421e-01 5.00000000e+00]
 [7.46000000e+02 7.05000000e+02 7.67899334e-01 6.00000000e+00]
 [7.70000000e+02 7.87000000e+02 6.58527374e-01 7.00000000e+00]
 [5.62000000e+02 8.28000000e+02 9.75735009e-01 8.00000000e+00]
 [5.28000000e+02 1.02400000e+03 9.16308165e-01 9.00000000e+00]
 [4.65000000e+02 1.19400000e+03 8.59344006e-01 1.00000000e+01]
 [6.80000000e+02 8.26000000e+02 9.14477825e-01 1.10000000e+01]
 [7.67000000e+02 9.91000000e+02 9.38866556e-01 1.20000000e+01]
 [8.03000000e+02 1.15700000e+03 8.48011017e-01 1.30000000e+01]
 [6.60000000e+02 4.76000000e+02 7.10057199e-01 1.40000000e+01]
 [6.92000000e+02 4.76000000e+02 6.49007916e-01 1.50000000e+01]
 [6.26000000e+02 4.67000000e+02 7.18591571e-01 1.60000000e+01]]