[[1.40000000e+01 1.77000000e+02 1.43053359e-03 0.00000000e+00]
 [7.52000000e+02 3.13000000e+02 2.17151400e-02 1.00000000e+00]
 [1.06500000e+03 4.43000000e+02 1.35624339e-03 2.00000000e+00]
 [1.04800000e+03 4.47000000e+02 1.38869835e-03 3.00000000e+00]
 [4.61000000e+02 4.56000000e+02 1.92683819e-03 4.00000000e+00]
 [7.46000000e+02 5.21000000e+02 9.14048195e-01 5.00000000e+00]
 [3.74000000e+02 5.41000000e+02 3.04346066e-03 6.00000000e+00]
 [5.15000000e+02 7.39000000e+02 1.10028463e-03 7.00000000e+00]
 [4.40000000e+02 9.56000000e+02 1.09020784e-03 8.00000000e+00]
 [5.47000000e+02 1.04400000e+03 2.52858689e-03 9.00000000e+00]
 [7.84000000e+02 1.09300000e+03 1.75926858e-03 1.00000000e+01]
 [4.55000000e+02 1.21000000e+03 1.50374009e-03 1.10000000e+01]
 [6.81000000e+02 3.00000000e+02 1.72505213e-03 1.20000000e+01]
 [6.90000000e+02 5.62000000e+02 8.81286204e-01 1.30000000e+01]
 [4.76000000e+02 6.86000000e+02 7.41977384e-03 1.40000000e+01]
 [6.28000000e+02 8.75000000e+02 2.84026377e-03 1.50000000e+01]
 [7.89000000e+02 9.52000000e+02 2.73065339e-03 1.60000000e+01]
 [5.39000000e+02 9.60000000e+02 2.95136985e-03 1.70000000e+01]
 [6.53000000e+02 2.97000000e+02 1.53672125e-03 1.80000000e+01]
 [6.46000000e+02 2.98000000e+02 1.52602571e-03 1.90000000e+01]
 [1.06500000e+03 3.85000000e+02 1.00638275e-03 2.00000000e+01]
 [1.04900000e+03 3.88000000e+02 1.00442627e-03 2.10000000e+01]
 [1.04600000e+03 3.89000000e+02 1.00409763e-03 2.20000000e+01]
 [3.82000000e+02 5.42000000e+02 2.76018772e-03 2.30000000e+01]
 [8.57000000e+02 5.42000000e+02 1.55787691e-02 2.40000000e+01]
 [6.31000000e+02 5.61000000e+02 9.57533896e-01 2.50000000e+01]
 [1.07900000e+03 6.46000000e+02 1.12603127e-03 2.60000000e+01]
 [7.98000000e+02 9.57000000e+02 3.36550316e-03 2.70000000e+01]
 [5.38000000e+02 9.60000000e+02 2.61504436e-03 2.80000000e+01]
 [7.04000000e+02 1.08500000e+03 1.85126718e-03 2.90000000e+01]
 [1.40000000e+01 1.40000000e+01 1.05164479e-03 3.00000000e+01]
 [8.77000000e+02 1.40000000e+01 1.10997504e-03 3.10000000e+01]
 [1.06500000e+03 2.13000000e+02 1.63447158e-03 3.20000000e+01]
 [7.15000000e+02 3.84000000e+02 4.79973340e-03 3.30000000e+01]
 [5.17000000e+02 4.37000000e+02 2.05128058e-03 3.40000000e+01]
 [1.07900000e+03 5.22000000e+02 1.12580732e-02 3.50000000e+01]
 [4.56000000e+02 5.27000000e+02 1.84956740e-03 3.60000000e+01]
 [3.88000000e+02 5.46000000e+02 1.05378649e-03 3.70000000e+01]
 [3.73000000e+02 6.00000000e+02 1.15825562e-03 3.80000000e+01]
 [7.30000000e+02 6.53000000e+02 9.99385417e-01 3.90000000e+01]
 [4.59000000e+02 7.81000000e+02 1.76133262e-03 4.00000000e+01]
 [6.18000000e+02 9.52000000e+02 1.04286359e-03 4.10000000e+01]
 [8.12000000e+02 9.61000000e+02 1.96868181e-03 4.20000000e+01]
 [6.94000000e+02 1.04500000e+03 1.27272273e-03 4.30000000e+01]
 [3.73000000e+02 1.21400000e+03 1.39563892e-03 4.40000000e+01]
 [1.40000000e+01 1.40000000e+01 1.32341939e-03 4.50000000e+01]
 [1.06500000e+03 2.20000000e+02 2.64318939e-03 4.60000000e+01]
 [1.07900000e+03 4.85000000e+02 1.07997879e-01 4.70000000e+01]
 [8.52000000e+02 5.29000000e+02 7.56884217e-01 4.80000000e+01]
 [5.40000000e+02 5.37000000e+02 2.27080053e-03 4.90000000e+01]
 [7.77000000e+02 7.79000000e+02 4.48858924e-02 5.00000000e+01]
 [6.96000000e+02 8.54000000e+02 4.27706577e-02 5.10000000e+01]
 [4.05000000e+02 9.47000000e+02 1.56566210e-03 5.20000000e+01]
 [4.04000000e+02 9.48000000e+02 1.56651437e-03 5.30000000e+01]
 [8.19000000e+02 1.18100000e+03 3.02250218e-03 5.40000000e+01]
 [3.53000000e+02 1.20400000e+03 1.42222433e-03 5.50000000e+01]
 [6.24000000e+02 1.20500000e+03 5.62047353e-03 5.60000000e+01]
 [5.28000000e+02 1.37000000e+03 1.95171719e-03 5.70000000e+01]
 [9.83000000e+02 3.54000000e+02 1.16352900e-03 5.80000000e+01]
 [1.03700000e+03 4.68000000e+02 1.09965773e-03 5.90000000e+01]
 [3.73000000e+02 5.39000000e+02 1.11633714e-03 6.00000000e+01]
 [7.47000000e+02 5.62000000e+02 7.68910348e-01 6.10000000e+01]
 [4.63000000e+02 6.90000000e+02 2.09410954e-03 6.20000000e+01]
 [5.38000000e+02 9.60000000e+02 1.83988665e-03 6.30000000e+01]
 [7.95000000e+02 9.60000000e+02 2.94528436e-03 6.40000000e+01]
 [6.96000000e+02 1.13500000e+03 1.70513091e-03 6.50000000e+01]
 [1.40000000e+01 1.40000000e+01 1.52495236e-03 6.60000000e+01]
 [8.69000000e+02 1.40000000e+01 1.24730379e-03 6.70000000e+01]
 [1.06500000e+03 2.07000000e+02 1.45348534e-03 6.80000000e+01]
 [9.04000000e+02 3.09000000e+02 2.68601114e-03 6.90000000e+01]
 [9.08000000e+02 3.10000000e+02 2.68433965e-03 7.00000000e+01]
 [9.12000000e+02 3.11000000e+02 2.67849769e-03 7.10000000e+01]
 [9.20000000e+02 3.13000000e+02 2.64207413e-03 7.20000000e+01]
 [1.07900000e+03 5.15000000e+02 2.47680470e-02 7.30000000e+01]
 [4.69000000e+02 5.24000000e+02 2.01707054e-03 7.40000000e+01]
 [7.66000000e+02 6.76000000e+02 3.94319892e-01 7.50000000e+01]
 [6.60000000e+02 1.04400000e+03 2.64023663e-03 7.60000000e+01]
 [8.73000000e+02 1.21400000e+03 1.36179314e-03 7.70000000e+01]
 [1.40000000e+01 1.40000000e+01 1.70876458e-03 7.80000000e+01]
 [1.08000000e+02 2.01000000e+02 1.04434055e-03 7.90000000e+01]
 [1.06500000e+03 2.37000000e+02 2.45955493e-03 8.00000000e+01]
 [4.63000000e+02 4.69000000e+02 1.03495270e-03 8.10000000e+01]
 [1.07900000e+03 4.90000000e+02 2.00011320e-02 8.20000000e+01]
 [8.00000000e+02 5.81000000e+02 2.86188424e-01 8.30000000e+01]
 [7.99000000e+02 5.82000000e+02 2.86205173e-01 8.40000000e+01]
 [7.95000000e+02 5.90000000e+02 2.85887748e-01 8.50000000e+01]
 [5.56000000e+02 6.79000000e+02 4.78420872e-03 8.60000000e+01]
 [7.76000000e+02 7.89000000e+02 5.06474972e-01 8.70000000e+01]
 [1.03300000e+03 7.92000000e+02 1.83861586e-03 8.80000000e+01]
 [4.59000000e+02 7.93000000e+02 1.29987858e-03 8.90000000e+01]
 [6.94000000e+02 1.04000000e+03 3.83395026e-03 9.00000000e+01]
 [6.99000000e+02 1.11900000e+03 5.73651912e-03 9.10000000e+01]
 [1.06500000e+03 1.18700000e+03 1.23410218e-03 9.20000000e+01]
 [1.40000000e+01 1.40000000e+01 1.54824823e-03 9.30000000e+01]
 [1.07900000e+03 3.96000000e+02 1.16701447e-03 9.40000000e+01]
 [9.51000000e+02 4.56000000e+02 2.10783305e-03 9.50000000e+01]
 [7.95000000e+02 4.71000000e+02 3.74858594e-03 9.60000000e+01]
 [5.45000000e+02 5.41000000e+02 1.98855367e-03 9.70000000e+01]
 [1.07900000e+03 5.50000000e+02 1.08247972e-03 9.80000000e+01]
 [9.67000000e+02 6.13000000e+02 1.56254135e-03 9.90000000e+01]
 [7.77000000e+02 6.26000000e+02 6.87841838e-03 1.00000000e+02]
 [1.06500000e+03 7.06000000e+02 1.46450661e-03 1.01000000e+02]
 [8.70000000e+02 7.12000000e+02 1.36029278e-03 1.02000000e+02]
 [5.82000000e+02 8.54000000e+02 9.20316577e-01 1.03000000e+02]
 [1.06500000e+03 9.16000000e+02 4.97362902e-03 1.04000000e+02]
 [6.96000000e+02 1.12700000e+03 2.23720330e-03 1.05000000e+02]
 [3.73000000e+02 1.20900000e+03 1.03497517e-03 1.06000000e+02]
 [1.06500000e+03 2.00000000e+02 1.20624073e-03 1.07000000e+02]
 [1.06500000e+03 3.90000000e+02 1.71837898e-03 1.08000000e+02]
 [9.79000000e+02 4.20000000e+02 1.77939946e-03 1.09000000e+02]
 [7.87000000e+02 5.31000000e+02 9.41030588e-03 1.10000000e+02]
 [1.06500000e+03 5.47000000e+02 1.33623020e-03 1.11000000e+02]
 [6.05000000e+02 6.30000000e+02 2.92108837e-03 1.12000000e+02]
 [1.06500000e+03 7.00000000e+02 2.36203591e-03 1.13000000e+02]
 [5.30000000e+02 7.10000000e+02 3.03009246e-03 1.14000000e+02]
 [8.33000000e+02 7.90000000e+02 1.62631590e-02 1.15000000e+02]
 [7.56000000e+02 8.23000000e+02 1.17863575e-02 1.16000000e+02]
 [1.06500000e+03 9.71000000e+02 2.39057979e-03 1.17000000e+02]
 [5.31000000e+02 1.04300000e+03 9.04686630e-01 1.18000000e+02]
 [9.69000000e+02 1.04300000e+03 1.84463779e-03 1.19000000e+02]
 [7.78000000e+02 1.10300000e+03 1.09224757e-02 1.20000000e+02]
 [8.02000000e+02 1.29600000e+03 1.40153244e-03 1.21000000e+02]
 [3.49000000e+02 1.32400000e+03 1.06086710e-03 1.22000000e+02]
 [4.56000000e+02 1.37700000e+03 1.22603413e-03 1.23000000e+02]
 [1.06500000e+03 3.03000000e+02 2.46527465e-03 1.24000000e+02]
 [1.06500000e+03 4.58000000e+02 2.88035860e-03 1.25000000e+02]
 [7.84000000e+02 5.35000000e+02 3.48262559e-03 1.26000000e+02]
 [6.04000000e+02 5.89000000e+02 2.60773883e-03 1.27000000e+02]
 [7.58000000e+02 7.19000000e+02 6.19731005e-03 1.28000000e+02]
 [1.06500000e+03 7.21000000e+02 1.01134344e-03 1.29000000e+02]
 [7.49000000e+02 7.26000000e+02 6.15879055e-03 1.30000000e+02]
 [7.48000000e+02 7.27000000e+02 6.16108347e-03 1.31000000e+02]
 [7.47000000e+02 7.28000000e+02 6.16229884e-03 1.32000000e+02]
 [7.43000000e+02 7.31000000e+02 6.15474302e-03 1.33000000e+02]
 [7.11000000e+02 7.71000000e+02 6.56612171e-03 1.34000000e+02]
 [4.97000000e+02 7.91000000e+02 1.97898713e-03 1.35000000e+02]
 [9.64000000e+02 8.14000000e+02 1.38719042e-03 1.36000000e+02]
 [7.88000000e+02 8.74000000e+02 2.53401604e-03 1.37000000e+02]
 [3.93000000e+02 8.81000000e+02 2.48478679e-03 1.38000000e+02]
 [6.21000000e+02 8.87000000e+02 2.68513593e-03 1.39000000e+02]
 [6.19000000e+02 9.67000000e+02 3.31170089e-03 1.40000000e+02]
 [7.82000000e+02 1.18000000e+03 3.76534685e-02 1.41000000e+02]
 [6.95000000e+02 1.18400000e+03 4.14323956e-02 1.42000000e+02]
 [1.06500000e+03 1.19000000e+03 6.67633908e-03 1.43000000e+02]
 [4.64000000e+02 1.20700000e+03 8.71324539e-01 1.44000000e+02]
 [2.26000000e+02 1.26400000e+03 4.03821561e-03 1.45000000e+02]
 [2.27000000e+02 1.26800000e+03 4.01613535e-03 1.46000000e+02]
 [6.99000000e+02 1.35400000e+03 1.12917358e-02 1.47000000e+02]
 [1.06500000e+03 1.90500000e+03 1.07336475e-03 1.48000000e+02]
 [1.40000000e+01 1.40000000e+01 1.88214844e-03 1.49000000e+02]
 [9.48000000e+02 4.69000000e+02 2.56017642e-03 1.50000000e+02]
 [6.34000000e+02 5.41000000e+02 4.20064293e-03 1.51000000e+02]
 [7.86000000e+02 5.42000000e+02 9.29871015e-03 1.52000000e+02]
 [3.74000000e+02 7.94000000e+02 4.07893956e-03 1.53000000e+02]
 [4.68000000e+02 8.36000000e+02 7.94994645e-03 1.54000000e+02]
 [6.98000000e+02 8.44000000e+02 9.09376621e-01 1.55000000e+02]
 [9.44000000e+02 8.53000000e+02 3.94531712e-03 1.56000000e+02]
 [1.06500000e+03 9.35000000e+02 4.34623100e-03 1.57000000e+02]
 [8.95000000e+02 1.06700000e+03 2.01712502e-03 1.58000000e+02]
 [6.86000000e+02 1.12200000e+03 3.80912377e-03 1.59000000e+02]
 [5.51000000e+02 1.12400000e+03 3.33245564e-03 1.60000000e+02]
 [6.05000000e+02 1.19000000e+03 1.81767764e-03 1.61000000e+02]
 [6.06000000e+02 1.19100000e+03 1.81728078e-03 1.62000000e+02]
 [6.10000000e+02 1.19300000e+03 1.81748136e-03 1.63000000e+02]
 [6.11000000e+02 1.19400000e+03 1.81732094e-03 1.64000000e+02]
 [6.12000000e+02 1.19500000e+03 1.81698112e-03 1.65000000e+02]
 [8.72000000e+02 1.22100000e+03 2.79736589e-03 1.66000000e+02]
 [1.40000000e+01 1.40000000e+01 1.90003600e-03 1.67000000e+02]
 [1.40000000e+01 2.62000000e+02 1.09914853e-03 1.68000000e+02]
 [7.84000000e+02 4.84000000e+02 8.10791831e-03 1.69000000e+02]
 [6.31000000e+02 5.47000000e+02 5.05711744e-03 1.70000000e+02]
 [5.30000000e+02 7.10000000e+02 1.11961924e-03 1.71000000e+02]
 [8.85000000e+02 7.24000000e+02 3.59424646e-03 1.72000000e+02]
 [8.86000000e+02 7.25000000e+02 3.59890610e-03 1.73000000e+02]
 [4.55000000e+02 8.76000000e+02 2.59769242e-03 1.74000000e+02]
 [8.00000000e+02 1.00600000e+03 8.80985558e-01 1.75000000e+02]
 [5.98000000e+02 1.23000000e+03 1.27026672e-03 1.76000000e+02]
 [9.57000000e+02 1.29300000e+03 1.84078643e-03 1.77000000e+02]
 [9.09000000e+02 1.40400000e+03 2.15735892e-03 1.78000000e+02]
 [1.40000000e+01 1.40000000e+01 1.39416684e-03 1.79000000e+02]
 [8.63000000e+02 3.90000000e+02 3.73468711e-03 1.80000000e+02]
 [7.00000000e+02 4.66000000e+02 2.78824032e-03 1.81000000e+02]
 [8.44000000e+02 5.21000000e+02 1.84062147e-03 1.82000000e+02]
 [7.97000000e+02 5.44000000e+02 1.98880676e-03 1.83000000e+02]
 [6.18000000e+02 5.51000000e+02 2.08413065e-03 1.84000000e+02]
 [9.66000000e+02 6.34000000e+02 1.53121061e-03 1.85000000e+02]
 [5.35000000e+02 7.24000000e+02 1.08405226e-03 1.86000000e+02]
 [8.61000000e+02 7.95000000e+02 5.85674588e-03 1.87000000e+02]
 [8.74000000e+02 8.78000000e+02 3.21691437e-03 1.88000000e+02]
 [6.99000000e+02 8.80000000e+02 7.93225970e-03 1.89000000e+02]
 [4.56000000e+02 9.59000000e+02 1.17195817e-03 1.90000000e+02]
 [5.51000000e+02 1.12400000e+03 7.89771415e-03 1.91000000e+02]
 [4.66000000e+02 1.12600000e+03 4.06887848e-03 1.92000000e+02]
 [8.19000000e+02 1.17100000e+03 7.51558423e-01 1.93000000e+02]
 [4.64000000e+02 4.62000000e+02 1.79718423e-03 1.94000000e+02]
 [7.25000000e+02 4.89000000e+02 8.93866420e-01 1.95000000e+02]
 [3.73000000e+02 5.42000000e+02 1.96025427e-03 1.96000000e+02]
 [5.53000000e+02 1.04300000e+03 1.25253061e-03 1.97000000e+02]
 [4.58000000e+02 1.21000000e+03 1.14323040e-02 1.98000000e+02]
 [7.95000000e+02 1.28700000e+03 1.66004011e-03 1.99000000e+02]
 [1.06500000e+03 4.49000000e+02 1.42369571e-03 2.00000000e+02]
 [1.04700000e+03 4.50000000e+02 1.48519606e-03 2.01000000e+02]
 [5.55000000e+02 4.81000000e+02 1.61445625e-02 2.02000000e+02]
 [7.63000000e+02 4.91000000e+02 8.17032933e-01 2.03000000e+02]
 [3.75000000e+02 5.42000000e+02 2.25352449e-03 2.04000000e+02]
 [5.38000000e+02 7.85000000e+02 1.66592770e-03 2.05000000e+02]
 [7.12000000e+02 7.95000000e+02 1.49728660e-03 2.06000000e+02]
 [7.80000000e+02 8.73000000e+02 2.14704731e-03 2.07000000e+02]
 [4.45000000e+02 9.58000000e+02 1.25503459e-03 2.08000000e+02]
 [5.41000000e+02 1.04300000e+03 2.07319786e-03 2.09000000e+02]
 [1.40000000e+01 1.52000000e+02 1.23060751e-03 2.10000000e+02]
 [9.40000000e+02 4.59000000e+02 4.64790361e-03 2.11000000e+02]
 [6.88000000e+02 4.82000000e+02 8.60507905e-01 2.12000000e+02]
 [3.74000000e+02 5.41000000e+02 1.79923535e-03 2.13000000e+02]
 [1.06500000e+03 6.35000000e+02 1.24893256e-03 2.14000000e+02]
 [6.93000000e+02 6.85000000e+02 1.33753587e-02 2.15000000e+02]
 [6.94000000e+02 6.86000000e+02 1.34141957e-02 2.16000000e+02]
 [6.24000000e+02 8.91000000e+02 1.13683427e-03 2.17000000e+02]
 [7.69000000e+02 9.70000000e+02 3.01408372e-03 2.18000000e+02]
 [7.93000000e+02 1.10800000e+03 2.03083642e-03 2.19000000e+02]
 [4.64000000e+02 4.60000000e+02 1.05825928e-03 2.20000000e+02]
 [5.50000000e+02 4.71000000e+02 2.22294498e-03 2.21000000e+02]
 [7.84000000e+02 4.77000000e+02 1.19496800e-01 2.22000000e+02]
 [3.80000000e+02 5.39000000e+02 1.30943616e-03 2.23000000e+02]
 [7.76000000e+02 9.68000000e+02 1.88930333e-03 2.24000000e+02]]