[[0.00000000e+00 5.11000000e+02 1.63920134e-01 0.00000000e+00]
 [1.09000000e+02 5.18000000e+02 9.72127140e-01 1.00000000e+00]
 [2.21000000e+02 5.19000000e+02 7.69312322e-01 2.00000000e+00]
 [2.07000000e+02 5.21000000e+02 6.67293727e-01 3.00000000e+00]
 [2.37000000e+02 6.46000000e+02 3.07153523e-01 4.00000000e+00]
 [2.38000000e+02 7.03000000e+02 2.17254639e-01 5.00000000e+00]
 [2.38000000e+02 5.24000000e+02 8.87077272e-01 6.00000000e+00]
 [2.38000000e+02 6.56000000e+02 9.05741572e-01 7.00000000e+00]
 [1.42000000e+02 6.91000000e+02 6.86194479e-01 8.00000000e+00]
 [3.12000000e+02 6.87000000e+02 7.90132523e-01 9.00000000e+00]
 [2.30000000e+02 7.79000000e+02 8.72837067e-01 1.00000000e+01]
 [2.18000000e+02 9.55000000e+02 9.07292366e-01 1.10000000e+01]
 [3.97000000e+02 6.80000000e+02 8.58117938e-01 1.20000000e+01]
 [3.98000000e+02 6.81000000e+02 8.58382404e-01 1.30000000e+01]
 [4.30000000e+02 8.44000000e+02 8.89973283e-01 1.40000000e+01]
 [5.18000000e+02 9.65000000e+02 9.30384994e-01 1.50000000e+01]
 [8.90000000e+01 5.05000000e+02 3.92893940e-01 1.60000000e+01]
 [0.00000000e+00 5.15000000e+02 1.02243826e-01 1.70000000e+01]
 [0.00000000e+00 4.90000000e+02 1.61216632e-01 1.80000000e+01]
 [1.10000000e+02 4.92000000e+02 9.43325996e-01 1.90000000e+01]
 [1.59000000e+02 4.66000000e+02 9.08134580e-01 2.00000000e+01]]