[[1.40000000e+01 1.86000000e+02 1.24568690e-03 0.00000000e+00]
 [9.35000000e+02 4.84000000e+02 9.09693912e-03 1.00000000e+00]
 [7.16000000e+02 5.03000000e+02 8.70733798e-01 2.00000000e+00]
 [4.62000000e+02 5.24000000e+02 3.28456913e-03 3.00000000e+00]
 [1.06500000e+03 5.77000000e+02 5.18686557e-03 4.00000000e+00]
 [8.99000000e+02 7.51000000e+02 1.49607565e-03 5.00000000e+00]
 [8.98000000e+02 7.52000000e+02 1.49113080e-03 6.00000000e+00]
 [1.06500000e+03 7.82000000e+02 1.82960136e-03 7.00000000e+00]
 [8.72000000e+02 7.93000000e+02 1.57502806e-03 8.00000000e+00]
 [5.32000000e+02 8.15000000e+02 1.73864630e-03 9.00000000e+00]
 [1.06500000e+03 8.46000000e+02 1.89229613e-03 1.00000000e+01]
 [9.54000000e+02 1.04000000e+03 6.39225962e-03 1.10000000e+01]
 [5.01000000e+02 1.20900000e+03 2.30580405e-03 1.20000000e+01]
 [7.14000000e+02 2.99000000e+02 1.35008106e-03 1.30000000e+01]
 [9.42000000e+02 5.63000000e+02 4.88629937e-03 1.40000000e+01]
 [9.43000000e+02 5.66000000e+02 4.93051857e-03 1.50000000e+01]
 [7.07000000e+02 5.70000000e+02 9.23506021e-01 1.60000000e+01]
 [4.64000000e+02 5.72000000e+02 3.52824433e-03 1.70000000e+01]
 [4.78000000e+02 7.18000000e+02 1.74440129e-03 1.80000000e+01]
 [7.03000000e+02 8.75000000e+02 1.92093058e-03 1.90000000e+01]
 [6.23000000e+02 9.58000000e+02 1.83009787e-03 2.00000000e+01]
 [8.31000000e+02 1.40000000e+01 3.53448046e-03 2.10000000e+01]
 [6.22000000e+02 2.97000000e+02 1.38486899e-03 2.20000000e+01]
 [6.18000000e+02 5.65000000e+02 9.13545370e-01 2.30000000e+01]
 [3.90000000e+02 5.77000000e+02 6.32757088e-03 2.40000000e+01]
 [8.61000000e+02 6.05000000e+02 1.38052739e-02 2.50000000e+01]
 [9.48000000e+02 6.05000000e+02 4.44283755e-03 2.60000000e+01]
 [1.06500000e+03 6.46000000e+02 5.81366522e-03 2.70000000e+01]
 [8.92000000e+02 7.99000000e+02 1.23542524e-03 2.80000000e+01]
 [4.88000000e+02 8.71000000e+02 1.94797106e-03 2.90000000e+01]
 [7.07000000e+02 8.72000000e+02 1.32404536e-03 3.00000000e+01]
 [5.51000000e+02 9.52000000e+02 1.22330559e-03 3.10000000e+01]
 [8.22000000e+02 9.80000000e+02 2.55905464e-03 3.20000000e+01]
 [6.00000000e+02 9.89000000e+02 1.06944481e-03 3.30000000e+01]
 [6.01000000e+02 9.91000000e+02 1.06991630e-03 3.40000000e+01]
 [6.02000000e+02 9.92000000e+02 1.06992736e-03 3.50000000e+01]
 [6.03000000e+02 9.93000000e+02 1.06963119e-03 3.60000000e+01]
 [6.04000000e+02 9.94000000e+02 1.06910279e-03 3.70000000e+01]
 [6.11000000e+02 1.00300000e+03 1.07309502e-03 3.80000000e+01]
 [6.12000000e+02 1.00400000e+03 1.07330072e-03 3.90000000e+01]
 [8.40000000e+02 1.40000000e+01 1.07791263e-03 4.00000000e+01]
 [6.11000000e+02 3.85000000e+02 3.94657627e-03 4.10000000e+01]
 [6.13000000e+02 3.86000000e+02 3.93742695e-03 4.20000000e+01]
 [8.72000000e+02 6.22000000e+02 7.53768953e-03 4.30000000e+01]
 [1.06500000e+03 6.36000000e+02 4.80256462e-03 4.40000000e+01]
 [2.99000000e+02 6.81000000e+02 1.45694090e-03 4.50000000e+01]
 [5.62000000e+02 6.88000000e+02 8.66066575e-01 4.60000000e+01]
 [1.07900000e+03 7.72000000e+02 2.72099790e-03 4.70000000e+01]
 [7.71000000e+02 7.79000000e+02 1.50459427e-02 4.80000000e+01]
 [9.74000000e+02 7.86000000e+02 3.23365000e-03 4.90000000e+01]
 [8.53000000e+02 8.00000000e+02 1.42524834e-03 5.00000000e+01]
 [8.52000000e+02 8.01000000e+02 1.42369932e-03 5.10000000e+01]
 [8.62000000e+02 9.62000000e+02 1.08223979e-03 5.20000000e+01]
 [1.40000000e+01 1.40000000e+01 1.04417279e-03 5.30000000e+01]
 [6.72000000e+02 3.09000000e+02 2.55967840e-03 5.40000000e+01]
 [8.59000000e+02 5.54000000e+02 6.85097463e-03 5.50000000e+01]
 [6.43000000e+02 5.69000000e+02 6.05248094e-01 5.60000000e+01]
 [1.06500000e+03 6.37000000e+02 2.38627801e-03 5.70000000e+01]
 [3.88000000e+02 6.44000000e+02 4.74962685e-03 5.80000000e+01]
 [1.06500000e+03 8.08000000e+02 4.26775310e-03 5.90000000e+01]
 [5.50000000e+02 8.57000000e+02 1.45246938e-01 6.00000000e+01]
 [6.14000000e+02 1.04100000e+03 3.65714915e-03 6.10000000e+01]
 [6.66000000e+02 1.18200000e+03 2.44790548e-03 6.20000000e+01]
 [8.72000000e+02 1.18400000e+03 1.80756731e-03 6.30000000e+01]
 [3.74000000e+02 1.22900000e+03 6.51622564e-03 6.40000000e+01]
 [4.58000000e+02 1.37700000e+03 5.14106778e-03 6.50000000e+01]
 [6.18000000e+02 1.37900000e+03 1.08916464e-03 6.60000000e+01]
 [8.31000000e+02 1.40000000e+01 3.60615109e-03 6.70000000e+01]
 [8.62000000e+02 2.99000000e+02 1.16123538e-03 6.80000000e+01]
 [7.97000000e+02 5.75000000e+02 9.21366334e-01 6.90000000e+01]
 [5.50000000e+02 6.04000000e+02 7.16242427e-03 7.00000000e+01]
 [4.57000000e+02 6.79000000e+02 2.25450331e-03 7.10000000e+01]
 [1.06500000e+03 7.32000000e+02 2.75312643e-03 7.20000000e+01]
 [5.32000000e+02 8.00000000e+02 2.32301676e-03 7.30000000e+01]
 [1.00000000e+03 8.23000000e+02 1.12732395e-03 7.40000000e+01]
 [1.06500000e+03 8.68000000e+02 1.48417091e-03 7.50000000e+01]
 [8.71000000e+02 8.73000000e+02 1.32648204e-03 7.60000000e+01]
 [8.39000000e+02 1.01500000e+03 1.41866005e-03 7.70000000e+01]
 [6.03000000e+02 1.04000000e+03 2.48375209e-03 7.80000000e+01]
 [5.56000000e+02 1.21600000e+03 1.29011995e-03 7.90000000e+01]
 [6.94000000e+02 3.75000000e+02 1.31914124e-03 8.00000000e+01]
 [6.39000000e+02 5.62000000e+02 1.05164796e-02 8.10000000e+01]
 [8.24000000e+02 6.97000000e+02 8.30104172e-01 8.20000000e+01]
 [4.56000000e+02 7.06000000e+02 2.80550658e-03 8.30000000e+01]
 [1.06500000e+03 9.22000000e+02 1.07063225e-03 8.40000000e+01]
 [1.03700000e+03 9.52000000e+02 1.08121068e-03 8.50000000e+01]
 [1.06500000e+03 1.00500000e+03 1.26714073e-03 8.60000000e+01]
 [6.98000000e+02 1.17700000e+03 1.14537799e-03 8.70000000e+01]
 [5.39000000e+02 1.21300000e+03 1.78967824e-03 8.80000000e+01]
 [1.40000000e+01 1.40000000e+01 1.38319738e-03 8.90000000e+01]
 [1.11000000e+02 2.03000000e+02 1.01383228e-03 9.00000000e+01]
 [7.01000000e+02 3.75000000e+02 5.91362314e-03 9.10000000e+01]
 [6.12000000e+02 4.40000000e+02 1.95269741e-03 9.20000000e+01]
 [6.11000000e+02 4.41000000e+02 1.95181963e-03 9.30000000e+01]
 [6.10000000e+02 4.42000000e+02 1.95005198e-03 9.40000000e+01]
 [7.85000000e+02 5.61000000e+02 3.07782460e-02 9.50000000e+01]
 [1.07900000e+03 6.89000000e+02 1.80026668e-03 9.60000000e+01]
 [4.68000000e+02 7.80000000e+02 5.61469467e-03 9.70000000e+01]
 [8.32000000e+02 7.98000000e+02 8.37135375e-01 9.80000000e+01]
 [5.42000000e+02 8.06000000e+02 6.23385515e-03 9.90000000e+01]
 [1.06500000e+03 1.04500000e+03 7.11579155e-03 1.00000000e+02]
 [7.13000000e+02 1.12600000e+03 4.15042834e-03 1.01000000e+02]
 [1.06500000e+03 1.32300000e+03 1.05781434e-03 1.02000000e+02]
 [1.06500000e+03 1.40000000e+01 1.65441411e-03 1.03000000e+02]
 [7.04000000e+02 3.75000000e+02 1.26828253e-03 1.04000000e+02]
 [7.96000000e+02 5.31000000e+02 1.57270266e-03 1.05000000e+02]
 [8.70000000e+02 6.38000000e+02 2.51266547e-03 1.06000000e+02]
 [3.88000000e+02 7.88000000e+02 4.13339958e-03 1.07000000e+02]
 [3.87000000e+02 7.92000000e+02 4.14998969e-03 1.08000000e+02]
 [8.62000000e+02 8.23000000e+02 1.18554085e-02 1.09000000e+02]
 [6.23000000e+02 8.29000000e+02 9.45445359e-01 1.10000000e+02]
 [8.61000000e+02 9.13000000e+02 1.05924914e-02 1.11000000e+02]
 [7.36000000e+02 1.40000000e+01 1.24015391e-03 1.12000000e+02]
 [9.23000000e+02 1.40000000e+01 1.31423457e-03 1.13000000e+02]
 [8.32000000e+02 5.42000000e+02 2.60143960e-03 1.14000000e+02]
 [6.23000000e+02 6.17000000e+02 1.46493362e-03 1.15000000e+02]
 [4.56000000e+02 7.12000000e+02 4.47413698e-03 1.16000000e+02]
 [8.61000000e+02 9.48000000e+02 1.15035777e-03 1.17000000e+02]
 [1.06500000e+03 9.68000000e+02 1.06152799e-02 1.18000000e+02]
 [5.87000000e+02 1.02300000e+03 9.28656816e-01 1.19000000e+02]
 [1.06500000e+03 1.20600000e+03 1.00516272e-03 1.20000000e+02]
 [3.44000000e+02 1.23800000e+03 1.21351855e-03 1.21000000e+02]
 [1.06500000e+03 1.90500000e+03 1.07241585e-03 1.22000000e+02]
 [1.22000000e+02 1.40000000e+01 2.28795013e-03 1.23000000e+02]
 [8.01000000e+02 5.42000000e+02 4.32859967e-03 1.24000000e+02]
 [9.54000000e+02 6.28000000e+02 1.43023464e-03 1.25000000e+02]
 [7.05000000e+02 6.31000000e+02 2.81800306e-03 1.26000000e+02]
 [7.04000000e+02 6.32000000e+02 2.81770271e-03 1.27000000e+02]
 [5.33000000e+02 7.99000000e+02 9.90747754e-03 1.28000000e+02]
 [7.88000000e+02 8.02000000e+02 3.73522541e-03 1.29000000e+02]
 [5.25000000e+02 8.83000000e+02 7.77077628e-03 1.30000000e+02]
 [1.06500000e+03 9.67000000e+02 2.04961724e-03 1.31000000e+02]
 [7.79000000e+02 1.06300000e+03 2.16405597e-02 1.32000000e+02]
 [8.72000000e+02 1.11900000e+03 2.24200115e-02 1.33000000e+02]
 [1.06500000e+03 1.14000000e+03 1.52742714e-02 1.34000000e+02]
 [7.81000000e+02 1.19300000e+03 2.16369648e-02 1.35000000e+02]
 [5.26000000e+02 1.20400000e+03 8.86588871e-01 1.36000000e+02]
 [9.64000000e+02 1.28600000e+03 8.97797663e-03 1.37000000e+02]
 [4.93000000e+02 1.44400000e+03 6.18099654e-03 1.38000000e+02]
 [1.06500000e+03 1.90500000e+03 1.20480859e-03 1.39000000e+02]
 [1.40000000e+01 1.40000000e+01 1.19247369e-03 1.40000000e+02]
 [6.21000000e+02 4.71000000e+02 1.53107394e-03 1.41000000e+02]
 [7.99000000e+02 5.41000000e+02 2.93363165e-03 1.42000000e+02]
 [6.22000000e+02 5.43000000e+02 1.48340175e-03 1.43000000e+02]
 [4.63000000e+02 7.20000000e+02 4.33873106e-03 1.44000000e+02]
 [1.03100000e+03 8.10000000e+02 1.51097600e-03 1.45000000e+02]
 [1.03200000e+03 8.12000000e+02 1.51241629e-03 1.46000000e+02]
 [7.51000000e+02 8.35000000e+02 8.81576657e-01 1.47000000e+02]
 [1.03600000e+03 9.34000000e+02 1.26812246e-03 1.48000000e+02]
 [1.06500000e+03 9.70000000e+02 1.08073559e-03 1.49000000e+02]
 [5.57000000e+02 1.03500000e+03 3.50210140e-03 1.50000000e+02]
 [5.70000000e+02 1.10800000e+03 3.63234570e-03 1.51000000e+02]
 [9.37000000e+02 1.28500000e+03 1.17712037e-03 1.52000000e+02]
 [1.40000000e+01 1.40000000e+01 1.74540968e-03 1.53000000e+02]
 [8.08000000e+02 5.44000000e+02 1.27553358e-03 1.54000000e+02]
 [6.23000000e+02 5.83000000e+02 6.00015651e-03 1.55000000e+02]
 [9.56000000e+02 7.09000000e+02 2.55950610e-03 1.56000000e+02]
 [5.38000000e+02 8.74000000e+02 4.95663052e-03 1.57000000e+02]
 [8.42000000e+02 1.01300000e+03 8.27318251e-01 1.58000000e+02]
 [3.74000000e+02 1.13700000e+03 1.25236344e-03 1.59000000e+02]
 [5.55000000e+02 1.20100000e+03 2.00223178e-03 1.60000000e+02]
 [5.54000000e+02 1.20200000e+03 2.00198311e-03 1.61000000e+02]
 [5.53000000e+02 1.20300000e+03 2.00205715e-03 1.62000000e+02]
 [7.96000000e+02 1.28500000e+03 1.78877683e-03 1.63000000e+02]
 [9.68000000e+02 1.40100000e+03 1.30757340e-03 1.64000000e+02]
 [1.07900000e+03 1.41700000e+03 1.01219770e-03 1.65000000e+02]
 [1.06500000e+03 1.90500000e+03 1.20055524e-03 1.66000000e+02]
 [0.00000000e+00 1.40000000e+01 1.13797735e-03 1.67000000e+02]
 [1.16000000e+02 1.40000000e+01 2.44441512e-03 1.68000000e+02]
 [5.50000000e+02 4.52000000e+02 1.17058819e-03 1.69000000e+02]
 [6.90000000e+02 5.17000000e+02 3.46025312e-03 1.70000000e+02]
 [6.89000000e+02 5.18000000e+02 3.46180354e-03 1.71000000e+02]
 [4.57000000e+02 6.22000000e+02 1.02384400e-03 1.72000000e+02]
 [7.81000000e+02 8.79000000e+02 5.79684228e-03 1.73000000e+02]
 [5.71000000e+02 9.60000000e+02 6.73145056e-03 1.74000000e+02]
 [5.54000000e+02 1.12500000e+03 1.09019754e-02 1.75000000e+02]
 [6.32000000e+02 1.12800000e+03 1.54389990e-02 1.76000000e+02]
 [9.05000000e+02 1.15000000e+03 6.71734452e-01 1.77000000e+02]
 [1.07900000e+03 1.17500000e+03 1.23225212e-01 1.78000000e+02]
 [9.44000000e+02 4.55000000e+02 4.65220306e-03 1.79000000e+02]
 [7.04000000e+02 4.82000000e+02 8.66484702e-01 1.80000000e+02]
 [4.77000000e+02 5.24000000e+02 7.10069807e-03 1.81000000e+02]
 [1.06500000e+03 5.75000000e+02 3.92103102e-03 1.82000000e+02]
 [1.06500000e+03 7.81000000e+02 1.21986994e-03 1.83000000e+02]
 [6.15000000e+02 8.69000000e+02 3.83346435e-03 1.84000000e+02]
 [7.10000000e+02 9.70000000e+02 1.52577728e-03 1.85000000e+02]
 [9.57000000e+02 1.12600000e+03 1.66817696e-03 1.86000000e+02]
 [5.30000000e+02 1.21000000e+03 8.32252204e-03 1.87000000e+02]
 [9.05000000e+02 1.29600000e+03 1.06344547e-03 1.88000000e+02]
 [7.67000000e+02 2.20000000e+02 2.38353922e-03 1.89000000e+02]
 [9.84000000e+02 2.63000000e+02 1.01879332e-03 1.90000000e+02]
 [7.36000000e+02 4.81000000e+02 8.78704190e-01 1.91000000e+02]
 [1.06500000e+03 5.73000000e+02 5.69943152e-03 1.92000000e+02]
 [7.87000000e+02 7.91000000e+02 1.08594482e-03 1.93000000e+02]
 [4.70000000e+02 8.51000000e+02 1.18363032e-03 1.94000000e+02]
 [7.85000000e+02 8.72000000e+02 2.40186788e-03 1.95000000e+02]
 [5.22000000e+02 9.43000000e+02 1.28240988e-03 1.96000000e+02]
 [5.23000000e+02 9.44000000e+02 1.28183165e-03 1.97000000e+02]
 [4.58000000e+02 1.21100000e+03 1.10046030e-03 1.98000000e+02]
 [9.54000000e+02 4.52000000e+02 1.35946192e-03 1.99000000e+02]
 [6.65000000e+02 4.76000000e+02 6.57627940e-01 2.00000000e+02]
 [1.06500000e+03 5.95000000e+02 2.06579291e-03 2.01000000e+02]
 [8.70000000e+02 7.78000000e+02 1.30601064e-03 2.02000000e+02]
 [1.06500000e+03 8.52000000e+02 1.74317090e-03 2.03000000e+02]
 [7.89000000e+02 9.67000000e+02 2.69381562e-03 2.04000000e+02]
 [6.23000000e+02 1.21100000e+03 3.35822441e-03 2.05000000e+02]
 [7.45000000e+02 2.16000000e+02 1.28296763e-03 2.06000000e+02]
 [7.42000000e+02 2.17000000e+02 1.28094386e-03 2.07000000e+02]
 [4.57000000e+02 4.02000000e+02 1.13377988e-03 2.08000000e+02]
 [7.59000000e+02 4.65000000e+02 6.04529381e-01 2.09000000e+02]
 [4.58000000e+02 5.32000000e+02 1.48250686e-03 2.10000000e+02]
 [1.06500000e+03 6.37000000e+02 1.48023781e-03 2.11000000e+02]
 [1.06500000e+03 8.54000000e+02 1.24781055e-03 2.12000000e+02]
 [7.94000000e+02 9.79000000e+02 1.53662194e-03 2.13000000e+02]]