[[6.51000000e+02 5.17000000e+02 8.91473114e-01 0.00000000e+00]
 [6.72000000e+02 5.83000000e+02 8.92959416e-01 1.00000000e+00]
 [5.69000000e+02 6.03000000e+02 9.08408165e-01 2.00000000e+00]
 [5.23000000e+02 7.11000000e+02 9.28658366e-01 3.00000000e+00]
 [5.29000000e+02 5.86000000e+02 6.25393033e-01 4.00000000e+00]
 [7.76000000e+02 5.56000000e+02 8.98278356e-01 5.00000000e+00]
 [8.63000000e+02 6.72000000e+02 9.41932499e-01 6.00000000e+00]
 [8.08000000e+02 7.59000000e+02 7.76894450e-01 7.00000000e+00]
 [6.26000000e+02 8.46000000e+02 9.41457331e-01 8.00000000e+00]
 [5.69000000e+02 1.02700000e+03 8.74706924e-01 9.00000000e+00]
 [5.25000000e+02 1.20900000e+03 8.64571631e-01 1.00000000e+01]
 [7.68000000e+02 8.40000000e+02 8.94837439e-01 1.10000000e+01]
 [8.53000000e+02 1.03600000e+03 8.82811189e-01 1.20000000e+01]
 [9.24000000e+02 1.20400000e+03 6.02673292e-01 1.30000000e+01]
 [6.26000000e+02 4.97000000e+02 9.05013919e-01 1.40000000e+01]
 [6.73000000e+02 4.87000000e+02 8.87671828e-01 1.50000000e+01]
 [6.01000000e+02 5.10000000e+02 6.75820589e-01 1.60000000e+01]
 [7.02000000e+02 4.74000000e+02 8.18996727e-01 1.70000000e+01]]