[[1.40000000e+01 2.23000000e+02 1.01139781e-03 0.00000000e+00]
 [4.61000000e+02 4.81000000e+02 2.80343066e-03 1.00000000e+00]
 [7.28000000e+02 5.03000000e+02 7.68893123e-01 2.00000000e+00]
 [3.77000000e+02 5.35000000e+02 1.65647757e-03 3.00000000e+00]
 [1.06500000e+03 6.37000000e+02 3.22365062e-03 4.00000000e+00]
 [9.47000000e+02 6.90000000e+02 1.92319509e-03 5.00000000e+00]
 [9.48000000e+02 6.91000000e+02 1.92186399e-03 6.00000000e+00]
 [9.94000000e+02 7.31000000e+02 2.29936512e-03 7.00000000e+00]
 [1.06500000e+03 7.80000000e+02 2.79936055e-03 8.00000000e+00]
 [5.18000000e+02 7.96000000e+02 1.49975391e-03 9.00000000e+00]
 [4.44000000e+02 9.06000000e+02 1.11604342e-03 1.00000000e+01]
 [5.89000000e+02 1.05500000e+03 1.02598465e-03 1.10000000e+01]
 [7.87000000e+02 1.09800000e+03 1.74066972e-03 1.20000000e+01]
 [3.74000000e+02 1.12700000e+03 4.71007079e-03 1.30000000e+01]
 [4.56000000e+02 1.20600000e+03 2.36961897e-03 1.40000000e+01]
 [6.66000000e+02 5.85000000e+02 9.23671842e-01 1.50000000e+01]
 [3.83000000e+02 7.88000000e+02 1.13399304e-03 1.60000000e+01]
 [8.95000000e+02 8.10000000e+02 1.17349497e-03 1.70000000e+01]
 [6.25000000e+02 8.76000000e+02 3.31102847e-03 1.80000000e+01]
 [7.89000000e+02 9.16000000e+02 1.73979078e-03 1.90000000e+01]
 [5.40000000e+02 9.52000000e+02 2.52412865e-03 2.00000000e+01]
 [8.40000000e+02 1.40000000e+01 1.29331753e-03 2.10000000e+01]
 [6.16000000e+02 3.01000000e+02 2.25098082e-03 2.20000000e+01]
 [8.59000000e+02 3.82000000e+02 1.11355982e-03 2.30000000e+01]
 [5.92000000e+02 5.67000000e+02 9.08182621e-01 2.40000000e+01]
 [9.49000000e+02 6.22000000e+02 5.15872752e-03 2.50000000e+01]
 [8.64000000e+02 6.27000000e+02 5.71103301e-03 2.60000000e+01]
 [3.65000000e+02 8.35000000e+02 1.09513488e-03 2.70000000e+01]
 [3.67000000e+02 8.39000000e+02 1.09226338e-03 2.80000000e+01]
 [4.18000000e+02 8.71000000e+02 1.37596647e-03 2.90000000e+01]
 [5.33000000e+02 9.63000000e+02 2.00178800e-03 3.00000000e+01]
 [7.98000000e+02 9.63000000e+02 2.75594369e-03 3.10000000e+01]
 [7.10000000e+02 1.04100000e+03 1.98188983e-03 3.20000000e+01]
 [6.24000000e+02 1.21000000e+03 1.18590414e-03 3.30000000e+01]
 [6.14000000e+02 3.80000000e+02 2.62531382e-03 3.40000000e+01]
 [1.02300000e+03 6.26000000e+02 1.02860807e-03 3.50000000e+01]
 [9.53000000e+02 6.36000000e+02 1.25350384e-03 3.60000000e+01]
 [8.63000000e+02 6.56000000e+02 3.91437346e-03 3.70000000e+01]
 [5.82000000e+02 6.71000000e+02 7.32140124e-01 3.80000000e+01]
 [3.00000000e+02 7.01000000e+02 1.48985488e-03 3.90000000e+01]
 [8.70000000e+02 7.54000000e+02 3.90311261e-03 4.00000000e+01]
 [8.71000000e+02 7.57000000e+02 3.88345052e-03 4.10000000e+01]
 [7.99000000e+02 9.60000000e+02 2.12363526e-03 4.20000000e+01]
 [7.47000000e+02 9.97000000e+02 1.43301988e-03 4.30000000e+01]
 [7.06000000e+02 1.04300000e+03 2.04344071e-03 4.40000000e+01]
 [6.22000000e+02 1.21000000e+03 1.15693873e-03 4.50000000e+01]
 [8.31000000e+02 1.23100000e+03 1.64108130e-03 4.60000000e+01]
 [8.97000000e+02 3.47000000e+02 1.10015005e-03 4.70000000e+01]
 [4.36000000e+02 3.56000000e+02 1.11088809e-03 4.80000000e+01]
 [6.71000000e+02 5.63000000e+02 4.93981242e-01 4.90000000e+01]
 [9.44000000e+02 7.91000000e+02 3.24973720e-03 5.00000000e+01]
 [8.52000000e+02 8.65000000e+02 1.32246385e-03 5.10000000e+01]
 [7.59000000e+02 9.46000000e+02 9.26407520e-03 5.20000000e+01]
 [3.94000000e+02 1.02500000e+03 1.02712307e-03 5.30000000e+01]
 [5.79000000e+02 1.03800000e+03 3.02874949e-03 5.40000000e+01]
 [8.06000000e+02 1.15300000e+03 1.75868953e-03 5.50000000e+01]
 [6.26000000e+02 1.17000000e+03 2.77462858e-03 5.60000000e+01]
 [3.55000000e+02 1.21100000e+03 1.43431441e-03 5.70000000e+01]
 [3.54000000e+02 1.21200000e+03 1.43432710e-03 5.80000000e+01]
 [8.09000000e+02 1.27400000e+03 1.85406941e-03 5.90000000e+01]
 [5.35000000e+02 1.36100000e+03 1.79063296e-03 6.00000000e+01]
 [5.34000000e+02 1.36200000e+03 1.79054576e-03 6.10000000e+01]
 [5.33000000e+02 1.36300000e+03 1.79089117e-03 6.20000000e+01]
 [4.03000000e+02 1.38000000e+03 1.51574728e-03 6.30000000e+01]
 [8.38000000e+02 1.40000000e+01 1.36059849e-03 6.40000000e+01]
 [7.45000000e+02 6.05000000e+02 9.18439746e-01 6.50000000e+01]
 [3.92000000e+02 6.15000000e+02 2.06447113e-03 6.60000000e+01]
 [4.63000000e+02 6.24000000e+02 7.69036030e-03 6.70000000e+01]
 [4.64000000e+02 7.81000000e+02 1.01863069e-03 6.80000000e+01]
 [8.63000000e+02 8.66000000e+02 7.53364060e-03 6.90000000e+01]
 [8.08000000e+02 9.52000000e+02 2.07920675e-03 7.00000000e+01]
 [5.39000000e+02 1.03200000e+03 2.50875810e-03 7.10000000e+01]
 [8.72000000e+02 1.03900000e+03 1.79651310e-03 7.20000000e+01]
 [6.30000000e+02 1.20800000e+03 1.47168874e-03 7.30000000e+01]
 [7.01000000e+02 3.75000000e+02 2.06718477e-03 7.40000000e+01]
 [6.36000000e+02 4.65000000e+02 1.58277038e-03 7.50000000e+01]
 [7.87000000e+02 4.68000000e+02 5.00683673e-03 7.60000000e+01]
 [3.77000000e+02 5.94000000e+02 4.16631903e-03 7.70000000e+01]
 [7.60000000e+02 7.24000000e+02 8.43797803e-01 7.80000000e+01]
 [6.68000000e+02 1.04200000e+03 3.08202510e-03 7.90000000e+01]
 [8.75000000e+02 1.04200000e+03 1.78051949e-03 8.00000000e+01]
 [4.56000000e+02 1.21000000e+03 1.71765825e-03 8.10000000e+01]
 [6.27000000e+02 1.21000000e+03 1.61353126e-03 8.20000000e+01]
 [8.95000000e+02 1.24100000e+03 1.32342346e-03 8.30000000e+01]
 [6.97000000e+02 3.74000000e+02 6.99964399e-03 8.40000000e+01]
 [5.45000000e+02 4.62000000e+02 4.43955371e-03 8.50000000e+01]
 [7.89000000e+02 5.50000000e+02 3.11217904e-02 8.60000000e+01]
 [5.60000000e+02 7.61000000e+02 1.75982360e-02 8.70000000e+01]
 [7.67000000e+02 8.23000000e+02 8.42896163e-01 8.80000000e+01]
 [6.81000000e+02 1.12300000e+03 3.51499836e-03 8.90000000e+01]
 [9.56000000e+02 1.20500000e+03 3.94111825e-03 9.00000000e+01]
 [9.56000000e+02 1.25400000e+03 4.01562639e-03 9.10000000e+01]
 [1.06500000e+03 1.40000000e+01 1.01674721e-03 9.20000000e+01]
 [7.13000000e+02 3.75000000e+02 1.98741420e-03 9.30000000e+01]
 [6.13000000e+02 4.57000000e+02 1.74332212e-03 9.40000000e+01]
 [7.76000000e+02 5.60000000e+02 4.21117572e-03 9.50000000e+01]
 [8.01000000e+02 5.94000000e+02 4.35426459e-03 9.60000000e+01]
 [7.78000000e+02 6.32000000e+02 4.28759260e-03 9.70000000e+01]
 [5.69000000e+02 8.44000000e+02 9.58219707e-01 9.80000000e+01]
 [1.06500000e+03 8.74000000e+02 1.18707167e-03 9.90000000e+01]
 [6.25000000e+02 1.20900000e+03 1.40745461e-03 1.00000000e+02]
 [7.01000000e+02 5.54000000e+02 5.15990797e-03 1.01000000e+02]
 [8.67000000e+02 6.24000000e+02 1.46470964e-03 1.02000000e+02]
 [4.47000000e+02 7.12000000e+02 2.22274824e-03 1.03000000e+02]
 [3.57000000e+02 7.70000000e+02 1.73902465e-03 1.04000000e+02]
 [9.55000000e+02 8.78000000e+02 7.69463088e-03 1.05000000e+02]
 [5.37000000e+02 1.03100000e+03 9.09032285e-01 1.06000000e+02]
 [7.78000000e+02 1.04400000e+03 1.29311951e-02 1.07000000e+02]
 [9.57000000e+02 1.04500000e+03 1.77720760e-03 1.08000000e+02]
 [6.97000000e+02 1.28500000e+03 1.11646485e-03 1.09000000e+02]
 [4.64000000e+02 1.37800000e+03 1.58924528e-03 1.10000000e+02]
 [1.21000000e+02 1.40000000e+01 1.66053860e-03 1.11000000e+02]
 [7.47000000e+02 5.52000000e+02 6.58966880e-03 1.12000000e+02]
 [8.72000000e+02 6.79000000e+02 2.05304031e-03 1.13000000e+02]
 [7.03000000e+02 7.82000000e+02 6.00059610e-03 1.14000000e+02]
 [4.71000000e+02 8.05000000e+02 6.38766820e-03 1.15000000e+02]
 [4.70000000e+02 8.06000000e+02 6.38664560e-03 1.16000000e+02]
 [4.38000000e+02 8.77000000e+02 6.10034075e-03 1.17000000e+02]
 [9.60000000e+02 8.81000000e+02 1.08284398e-03 1.18000000e+02]
 [6.10000000e+02 9.69000000e+02 9.51014180e-03 1.19000000e+02]
 [4.49000000e+02 9.73000000e+02 1.22901239e-02 1.20000000e+02]
 [9.59000000e+02 1.05300000e+03 1.33043667e-03 1.21000000e+02]
 [4.67000000e+02 1.20800000e+03 8.67281258e-01 1.22000000e+02]
 [7.73000000e+02 1.21000000e+03 1.27081452e-02 1.23000000e+02]
 [2.18000000e+02 1.23800000e+03 2.48564547e-03 1.24000000e+02]
 [9.56000000e+02 1.28300000e+03 4.21928288e-03 1.25000000e+02]
 [4.76000000e+02 1.44000000e+03 9.80527792e-03 1.26000000e+02]
 [6.31000000e+02 4.57000000e+02 2.46592099e-03 1.27000000e+02]
 [7.70000000e+02 5.40000000e+02 4.14843298e-03 1.28000000e+02]
 [8.83000000e+02 6.04000000e+02 2.15290394e-03 1.29000000e+02]
 [3.74000000e+02 7.71000000e+02 2.41224119e-03 1.30000000e+02]
 [6.95000000e+02 8.52000000e+02 9.22704101e-01 1.31000000e+02]
 [9.45000000e+02 8.58000000e+02 3.26646375e-03 1.32000000e+02]
 [3.75000000e+02 9.56000000e+02 1.44889147e-03 1.33000000e+02]
 [8.81000000e+02 1.05100000e+03 2.79565388e-03 1.34000000e+02]
 [8.92000000e+02 1.06400000e+03 2.90788291e-03 1.35000000e+02]
 [5.82000000e+02 1.11900000e+03 3.11296806e-03 1.36000000e+02]
 [6.76000000e+02 1.11900000e+03 3.49843572e-03 1.37000000e+02]
 [6.44000000e+02 1.20800000e+03 2.16831663e-03 1.38000000e+02]
 [8.51000000e+02 1.28900000e+03 2.14943127e-03 1.39000000e+02]
 [1.40000000e+01 1.40000000e+01 1.72295654e-03 1.40000000e+02]
 [7.86000000e+02 4.58000000e+02 1.41775073e-03 1.41000000e+02]
 [6.21000000e+02 5.44000000e+02 6.33824663e-03 1.42000000e+02]
 [4.55000000e+02 8.75000000e+02 2.39096396e-03 1.43000000e+02]
 [7.92000000e+02 1.01100000e+03 8.41252625e-01 1.44000000e+02]
 [1.01700000e+03 1.04300000e+03 6.61852304e-03 1.45000000e+02]
 [8.00000000e+02 1.28100000e+03 8.11918732e-03 1.46000000e+02]
 [9.14000000e+02 1.49000000e+03 1.55938824e-03 1.47000000e+02]
 [0.00000000e+00 1.40000000e+01 1.15140353e-03 1.48000000e+02]
 [1.12000000e+02 1.40000000e+01 1.79261283e-03 1.49000000e+02]
 [0.00000000e+00 7.20000000e+01 1.12221064e-03 1.50000000e+02]
 [7.00000000e+02 4.70000000e+02 3.89057654e-03 1.51000000e+02]
 [6.99000000e+02 4.71000000e+02 3.89071391e-03 1.52000000e+02]
 [6.93000000e+02 8.80000000e+02 6.70389645e-03 1.53000000e+02]
 [5.62000000e+02 1.12500000e+03 1.85456891e-02 1.54000000e+02]
 [7.93000000e+02 1.22000000e+03 6.55277610e-01 1.55000000e+02]
 [5.59000000e+02 1.28200000e+03 3.19682411e-03 1.56000000e+02]
 [4.67000000e+02 4.60000000e+02 3.61691136e-03 1.57000000e+02]
 [7.17000000e+02 4.83000000e+02 7.96248615e-01 1.58000000e+02]
 [1.06500000e+03 6.35000000e+02 2.60459399e-03 1.59000000e+02]
 [1.06500000e+03 7.79000000e+02 1.91612018e-03 1.60000000e+02]
 [7.87000000e+02 9.61000000e+02 1.22077554e-03 1.61000000e+02]
 [4.57000000e+02 1.21000000e+03 1.51627986e-02 1.62000000e+02]
 [7.36000000e+02 4.86000000e+02 5.79419494e-01 1.63000000e+02]
 [1.06500000e+03 6.33000000e+02 4.04454162e-03 1.64000000e+02]
 [5.19000000e+02 6.50000000e+02 1.62952230e-03 1.65000000e+02]
 [1.06500000e+03 7.82000000e+02 2.53607193e-03 1.66000000e+02]
 [5.17000000e+02 7.93000000e+02 1.55985635e-03 1.67000000e+02]
 [5.16000000e+02 7.94000000e+02 1.55908416e-03 1.68000000e+02]
 [4.44000000e+02 9.41000000e+02 1.32083346e-03 1.69000000e+02]
 [6.65000000e+02 4.77000000e+02 7.70283997e-01 1.70000000e+02]
 [9.49000000e+02 5.17000000e+02 5.33286016e-03 1.71000000e+02]
 [3.75000000e+02 5.37000000e+02 1.51440897e-03 1.72000000e+02]
 [9.58000000e+02 7.00000000e+02 1.66968035e-03 1.73000000e+02]
 [1.06500000e+03 7.73000000e+02 1.36039185e-03 1.74000000e+02]
 [7.57000000e+02 9.59000000e+02 2.48845387e-03 1.75000000e+02]
 [7.92000000e+02 1.11900000e+03 1.89951423e-03 1.76000000e+02]
 [5.40000000e+02 1.21100000e+03 1.25033758e-03 1.77000000e+02]
 [4.62000000e+02 4.38000000e+02 1.37246680e-03 1.78000000e+02]
 [7.63000000e+02 5.02000000e+02 3.28599699e-02 1.79000000e+02]
 [7.63000000e+02 9.64000000e+02 1.72305282e-03 1.80000000e+02]
 [7.95000000e+02 1.10800000e+03 1.23257423e-03 1.81000000e+02]]