[[2.02000000e+02 5.06000000e+02 9.62983787e-01 0.00000000e+00]
 [2.97000000e+02 5.17000000e+02 9.46157396e-01 1.00000000e+00]
 [2.34000000e+02 5.38000000e+02 8.86029303e-01 2.00000000e+00]
 [2.62000000e+02 6.53000000e+02 8.95223677e-01 3.00000000e+00]
 [1.62000000e+02 6.81000000e+02 4.91289347e-01 4.00000000e+00]
 [3.56000000e+02 4.90000000e+02 9.06240880e-01 5.00000000e+00]
 [4.56000000e+02 6.10000000e+02 8.79906833e-01 6.00000000e+00]
 [3.63000000e+02 6.81000000e+02 9.83148634e-01 7.00000000e+00]
 [3.51000000e+02 6.91000000e+02 8.19889843e-01 8.00000000e+00]
 [2.91000000e+02 8.28000000e+02 9.06440914e-01 9.00000000e+00]
 [2.49000000e+02 9.77000000e+02 9.35554326e-01 1.00000000e+01]
 [4.43000000e+02 6.69000000e+02 8.11804414e-01 1.10000000e+01]
 [4.84000000e+02 8.37000000e+02 9.33358133e-01 1.20000000e+01]
 [5.45000000e+02 9.78000000e+02 9.61412847e-01 1.30000000e+01]
 [1.86000000e+02 4.91000000e+02 7.19037890e-01 1.40000000e+01]
 [2.08000000e+02 4.76000000e+02 9.82382536e-01 1.50000000e+01]
 [2.54000000e+02 4.39000000e+02 8.92437100e-01 1.60000000e+01]]