[[6.76000000e+02 5.14000000e+02 8.84462357e-01 0.00000000e+00]
 [6.74000000e+02 5.96000000e+02 8.85640025e-01 1.00000000e+00]
 [5.92000000e+02 5.85000000e+02 8.72190475e-01 2.00000000e+00]
 [5.86000000e+02 7.27000000e+02 6.60975814e-01 3.00000000e+00]
 [6.23000000e+02 6.95000000e+02 5.01158834e-01 4.00000000e+00]
 [7.67000000e+02 6.11000000e+02 8.76621008e-01 5.00000000e+00]
 [7.70000000e+02 7.44000000e+02 7.97138095e-01 6.00000000e+00]
 [7.77000000e+02 8.24000000e+02 8.42461824e-01 7.00000000e+00]
 [5.79000000e+02 8.50000000e+02 9.23207402e-01 8.00000000e+00]
 [5.31000000e+02 1.03700000e+03 9.46761250e-01 9.00000000e+00]
 [4.68000000e+02 1.21300000e+03 8.49223733e-01 1.00000000e+01]
 [7.06000000e+02 8.54000000e+02 9.01572227e-01 1.10000000e+01]
 [8.00000000e+02 1.02200000e+03 8.61065745e-01 1.20000000e+01]
 [8.27000000e+02 1.17900000e+03 5.25886953e-01 1.30000000e+01]
 [6.55000000e+02 4.82000000e+02 8.74360323e-01 1.40000000e+01]
 [7.03000000e+02 4.85000000e+02 8.95605803e-01 1.50000000e+01]
 [6.21000000e+02 4.89000000e+02 5.80347419e-01 1.60000000e+01]
 [7.46000000e+02 4.91000000e+02 7.42854118e-01 1.70000000e+01]]