[[4.02000000e+02 3.98000000e+02 8.09450686e-01 0.00000000e+00]
 [4.13000000e+02 4.32000000e+02 9.38949108e-01 1.00000000e+00]
 [3.31000000e+02 4.36000000e+02 8.91292095e-01 2.00000000e+00]
 [3.37000000e+02 5.69000000e+02 9.41237032e-01 3.00000000e+00]
 [4.13000000e+02 4.80000000e+02 9.71396744e-01 4.00000000e+00]
 [4.82000000e+02 4.26000000e+02 8.64319623e-01 5.00000000e+00]
 [5.16000000e+02 5.07000000e+02 9.18790400e-01 6.00000000e+00]
 [5.00000000e+02 5.87000000e+02 1.03139079e+00 7.00000000e+00]
 [3.25000000e+02 6.56000000e+02 8.26213598e-01 8.00000000e+00]
 [2.66000000e+02 8.06000000e+02 9.31921959e-01 9.00000000e+00]
 [2.46000000e+02 9.47000000e+02 9.01398122e-01 1.00000000e+01]
 [4.27000000e+02 6.49000000e+02 8.32729578e-01 1.10000000e+01]
 [4.80000000e+02 7.97000000e+02 9.35627818e-01 1.20000000e+01]
 [5.34000000e+02 9.38000000e+02 9.48189080e-01 1.30000000e+01]
 [3.84000000e+02 3.79000000e+02 8.17057550e-01 1.40000000e+01]
 [4.18000000e+02 3.77000000e+02 8.79011810e-01 1.50000000e+01]
 [3.63000000e+02 3.68000000e+02 4.14397657e-01 1.60000000e+01]
 [4.53000000e+02 3.59000000e+02 9.40370917e-01 1.70000000e+01]]