[[1.82000000e+02 4.83000000e+02 9.30539966e-01 0.00000000e+00]
 [2.79000000e+02 5.21000000e+02 9.51189041e-01 1.00000000e+00]
 [2.24000000e+02 5.53000000e+02 8.62456918e-01 2.00000000e+00]
 [2.51000000e+02 6.67000000e+02 9.35649097e-01 3.00000000e+00]
 [1.36000000e+02 6.97000000e+02 6.47309005e-01 4.00000000e+00]
 [2.89000000e+02 7.00000000e+02 1.07839651e-01 5.00000000e+00]
 [0.00000000e+00 7.02000000e+02 1.66285113e-01 6.00000000e+00]
 [3.35000000e+02 4.85000000e+02 8.57525170e-01 7.00000000e+00]
 [4.63000000e+02 5.78000000e+02 9.67721045e-01 8.00000000e+00]
 [3.73000000e+02 6.75000000e+02 9.80636358e-01 9.00000000e+00]
 [3.50000000e+02 7.04000000e+02 7.75149345e-01 1.00000000e+01]
 [2.76000000e+02 8.19000000e+02 9.01787221e-01 1.10000000e+01]
 [2.62000000e+02 9.82000000e+02 9.28411543e-01 1.20000000e+01]
 [4.47000000e+02 6.79000000e+02 8.06992650e-01 1.30000000e+01]
 [4.89000000e+02 8.44000000e+02 9.33645606e-01 1.40000000e+01]
 [5.78000000e+02 9.79000000e+02 9.70660210e-01 1.50000000e+01]
 [1.64000000e+02 4.74000000e+02 7.40222812e-01 1.60000000e+01]
 [1.91000000e+02 4.65000000e+02 9.64637876e-01 1.70000000e+01]
 [2.36000000e+02 4.36000000e+02 8.45189095e-01 1.80000000e+01]]