[[1.40000000e+01 2.16000000e+02 1.08519965e-03 0.00000000e+00]
 [9.47000000e+02 4.78000000e+02 2.25626631e-03 1.00000000e+00]
 [6.90000000e+02 4.79000000e+02 8.20845306e-01 2.00000000e+00]
 [3.73000000e+02 4.85000000e+02 1.96027546e-03 3.00000000e+00]
 [1.06500000e+03 6.40000000e+02 2.20079115e-03 4.00000000e+00]
 [9.84000000e+02 6.51000000e+02 2.63797166e-03 5.00000000e+00]
 [4.24000000e+02 6.54000000e+02 1.13900390e-03 6.00000000e+00]
 [7.89000000e+02 7.94000000e+02 3.34723946e-03 7.00000000e+00]
 [5.20000000e+02 7.96000000e+02 1.17005978e-03 8.00000000e+00]
 [4.44000000e+02 9.05000000e+02 1.03637623e-03 9.00000000e+00]
 [7.88000000e+02 1.07100000e+03 1.86305027e-03 1.00000000e+01]
 [3.72000000e+02 1.13000000e+03 2.63975956e-03 1.10000000e+01]
 [6.39000000e+02 2.95000000e+02 1.32138620e-03 1.20000000e+01]
 [6.59000000e+02 5.80000000e+02 9.19398069e-01 1.30000000e+01]
 [8.88000000e+02 8.01000000e+02 1.36106904e-03 1.40000000e+01]
 [6.23000000e+02 8.76000000e+02 1.81020144e-03 1.50000000e+01]
 [7.91000000e+02 9.08000000e+02 2.54891324e-03 1.60000000e+01]
 [5.38000000e+02 9.58000000e+02 1.83464040e-03 1.70000000e+01]
 [8.00000000e+02 1.40000000e+01 1.48244097e-03 1.80000000e+01]
 [6.31000000e+02 2.96000000e+02 2.86207302e-03 1.90000000e+01]
 [5.68000000e+02 5.63000000e+02 8.78957510e-01 2.00000000e+01]
 [9.45000000e+02 5.94000000e+02 5.32434508e-03 2.10000000e+01]
 [8.62000000e+02 6.13000000e+02 7.74267130e-03 2.20000000e+01]
 [3.62000000e+02 8.32000000e+02 1.35177025e-03 2.30000000e+01]
 [3.94000000e+02 8.69000000e+02 1.35749823e-03 2.40000000e+01]
 [7.99000000e+02 9.59000000e+02 3.45301465e-03 2.50000000e+01]
 [5.30000000e+02 9.70000000e+02 1.97557104e-03 2.60000000e+01]
 [7.05000000e+02 1.05000000e+03 1.53631589e-03 2.70000000e+01]
 [4.64000000e+02 3.81000000e+02 3.52387899e-03 2.80000000e+01]
 [6.20000000e+02 3.86000000e+02 6.19445695e-03 2.90000000e+01]
 [7.76000000e+02 6.15000000e+02 2.09653191e-02 3.00000000e+01]
 [8.58000000e+02 6.22000000e+02 5.66176558e-03 3.10000000e+01]
 [1.06500000e+03 6.22000000e+02 3.40294838e-03 3.20000000e+01]
 [8.59000000e+02 6.23000000e+02 5.67373447e-03 3.30000000e+01]
 [5.52000000e+02 6.62000000e+02 6.98655725e-01 3.40000000e+01]
 [3.03000000e+02 6.87000000e+02 5.39069297e-03 3.50000000e+01]
 [9.48000000e+02 7.06000000e+02 3.61531205e-03 3.60000000e+01]
 [9.47000000e+02 7.07000000e+02 3.61704431e-03 3.70000000e+01]
 [8.70000000e+02 7.88000000e+02 4.98705870e-03 3.80000000e+01]
 [8.00000000e+02 9.61000000e+02 2.06996733e-03 3.90000000e+01]
 [8.51000000e+02 1.22000000e+03 1.60901668e-03 4.00000000e+01]
 [1.40000000e+01 1.40000000e+01 1.32625632e-03 4.10000000e+01]
 [8.94000000e+02 3.51000000e+02 1.03351031e-03 4.20000000e+01]
 [8.53000000e+02 5.21000000e+02 6.99989684e-03 4.30000000e+01]
 [6.33000000e+02 5.54000000e+02 7.29365349e-01 4.40000000e+01]
 [3.90000000e+02 5.79000000e+02 6.92769838e-03 4.50000000e+01]
 [1.06500000e+03 6.34000000e+02 1.28760119e-03 4.60000000e+01]
 [2.98000000e+02 7.00000000e+02 1.48297101e-03 4.70000000e+01]
 [2.99000000e+02 7.06000000e+02 1.48149393e-03 4.80000000e+01]
 [3.00000000e+02 7.10000000e+02 1.48023642e-03 4.90000000e+01]
 [3.01000000e+02 7.16000000e+02 1.47638447e-03 5.00000000e+01]
 [9.56000000e+02 7.91000000e+02 4.54331143e-03 5.10000000e+01]
 [6.20000000e+02 8.64000000e+02 3.47606540e-02 5.20000000e+01]
 [8.06000000e+02 1.20000000e+03 2.42166291e-03 5.30000000e+01]
 [6.22000000e+02 1.20600000e+03 5.70011279e-03 5.40000000e+01]
 [3.52000000e+02 1.20800000e+03 1.44263217e-03 5.50000000e+01]
 [5.39000000e+02 1.36200000e+03 4.24489798e-03 5.60000000e+01]
 [3.83000000e+02 1.37700000e+03 1.38068735e-03 5.70000000e+01]
 [7.99000000e+02 1.40000000e+01 1.55563361e-03 5.80000000e+01]
 [7.95000000e+02 8.50000000e+01 1.55774399e-03 5.90000000e+01]
 [4.56000000e+02 3.74000000e+02 2.29161861e-03 6.00000000e+01]
 [7.50000000e+02 5.94000000e+02 9.02459562e-01 6.10000000e+01]
 [4.59000000e+02 6.21000000e+02 5.46250818e-03 6.20000000e+01]
 [9.70000000e+02 8.14000000e+02 1.35484664e-03 6.30000000e+01]
 [8.73000000e+02 8.74000000e+02 8.84361099e-03 6.40000000e+01]
 [8.16000000e+02 9.51000000e+02 2.66695092e-03 6.50000000e+01]
 [8.01000000e+02 9.58000000e+02 2.70898570e-03 6.60000000e+01]
 [8.00000000e+02 9.59000000e+02 2.70762853e-03 6.70000000e+01]
 [5.39000000e+02 1.03200000e+03 2.87695904e-03 6.80000000e+01]
 [8.71000000e+02 1.03700000e+03 1.50998798e-03 6.90000000e+01]
 [6.52000000e+02 3.80000000e+02 1.48750236e-03 7.00000000e+01]
 [7.25000000e+02 4.77000000e+02 7.82378949e-03 7.10000000e+01]
 [3.73000000e+02 5.37000000e+02 1.49655668e-03 7.20000000e+01]
 [1.03000000e+03 6.38000000e+02 2.43293471e-03 7.30000000e+01]
 [7.80000000e+02 7.19000000e+02 8.00865471e-01 7.40000000e+01]
 [5.53000000e+02 7.61000000e+02 4.63854615e-03 7.50000000e+01]
 [1.02900000e+03 7.70000000e+02 2.12146295e-03 7.60000000e+01]
 [9.83000000e+02 9.96000000e+02 1.36740087e-03 7.70000000e+01]
 [6.43000000e+02 1.04300000e+03 2.45605130e-03 7.80000000e+01]
 [9.62000000e+02 1.04900000e+03 1.04929367e-03 7.90000000e+01]
 [4.57000000e+02 1.21100000e+03 1.60764321e-03 8.00000000e+01]
 [6.22000000e+02 1.22100000e+03 1.03201531e-03 8.10000000e+01]
 [8.90000000e+02 1.22300000e+03 1.09230401e-03 8.20000000e+01]
 [1.40000000e+01 1.40000000e+01 1.63905532e-03 8.30000000e+01]
 [6.61000000e+02 3.73000000e+02 7.63252890e-03 8.40000000e+01]
 [5.39000000e+02 4.59000000e+02 1.05262473e-02 8.50000000e+01]
 [7.49000000e+02 5.53000000e+02 2.65814792e-02 8.60000000e+01]
 [4.60000000e+02 6.96000000e+02 3.33707756e-03 8.70000000e+01]
 [5.59000000e+02 7.05000000e+02 6.70582335e-03 8.80000000e+01]
 [5.58000000e+02 7.06000000e+02 6.72100624e-03 8.90000000e+01]
 [1.03200000e+03 7.20000000e+02 1.24689832e-03 9.00000000e+01]
 [7.78000000e+02 8.04000000e+02 8.63112748e-01 9.10000000e+01]
 [4.54000000e+02 8.65000000e+02 2.06171512e-03 9.20000000e+01]
 [9.49000000e+02 1.03400000e+03 9.87541489e-03 9.30000000e+01]
 [6.09000000e+02 1.07000000e+03 2.13183579e-03 9.40000000e+01]
 [6.95000000e+02 1.12400000e+03 3.76154599e-03 9.50000000e+01]
 [9.56000000e+02 1.26700000e+03 3.88810947e-03 9.60000000e+01]
 [1.40000000e+01 1.40000000e+01 1.01853127e-03 9.70000000e+01]
 [1.06500000e+03 1.40000000e+01 1.34908350e-03 9.80000000e+01]
 [6.90000000e+02 3.80000000e+02 1.33032270e-03 9.90000000e+01]
 [6.91000000e+02 3.81000000e+02 1.33044948e-03 1.00000000e+02]
 [7.36000000e+02 5.53000000e+02 4.31866944e-03 1.01000000e+02]
 [8.06000000e+02 5.94000000e+02 3.51295481e-03 1.02000000e+02]
 [5.71000000e+02 8.40000000e+02 9.60403860e-01 1.03000000e+02]
 [3.73000000e+02 5.38000000e+02 2.29610852e-03 1.04000000e+02]
 [7.05000000e+02 5.64000000e+02 1.08299349e-02 1.05000000e+02]
 [4.47000000e+02 7.11000000e+02 3.97107191e-03 1.06000000e+02]
 [3.69000000e+02 7.39000000e+02 1.90909300e-03 1.07000000e+02]
 [9.56000000e+02 8.75000000e+02 3.55577585e-03 1.08000000e+02]
 [3.08000000e+02 9.80000000e+02 5.24776243e-03 1.09000000e+02]
 [3.07000000e+02 9.81000000e+02 5.23519842e-03 1.10000000e+02]
 [5.31000000e+02 1.02900000e+03 8.94070745e-01 1.11000000e+02]
 [9.60000000e+02 1.04300000e+03 2.09464203e-03 1.12000000e+02]
 [1.06500000e+03 1.13400000e+03 1.00983935e-03 1.13000000e+02]
 [9.68000000e+02 1.21100000e+03 1.02621387e-03 1.14000000e+02]
 [5.42000000e+02 1.28000000e+03 4.41868277e-03 1.15000000e+02]
 [4.48000000e+02 1.38300000e+03 1.04940205e-03 1.16000000e+02]
 [7.47000000e+02 5.60000000e+02 8.67105927e-03 1.17000000e+02]
 [8.79000000e+02 6.61000000e+02 1.41497003e-03 1.18000000e+02]
 [8.80000000e+02 6.63000000e+02 1.41583756e-03 1.19000000e+02]
 [8.81000000e+02 6.64000000e+02 1.41636538e-03 1.20000000e+02]
 [6.17000000e+02 7.10000000e+02 3.44278477e-03 1.21000000e+02]
 [4.74000000e+02 7.99000000e+02 5.70132304e-03 1.22000000e+02]
 [7.17000000e+02 8.03000000e+02 4.91989171e-03 1.23000000e+02]
 [9.59000000e+02 8.75000000e+02 1.13952952e-03 1.24000000e+02]
 [6.62000000e+02 8.78000000e+02 3.45874322e-03 1.25000000e+02]
 [6.60000000e+02 8.79000000e+02 3.45748011e-03 1.26000000e+02]
 [3.96000000e+02 8.80000000e+02 6.03403477e-03 1.27000000e+02]
 [4.45000000e+02 9.77000000e+02 1.31166056e-02 1.28000000e+02]
 [1.06500000e+03 1.15300000e+03 1.15950941e-03 1.29000000e+02]
 [7.79000000e+02 1.17800000e+03 2.44693868e-02 1.30000000e+02]
 [4.63000000e+02 1.21000000e+03 8.66120636e-01 1.31000000e+02]
 [2.20000000e+02 1.27000000e+03 2.80712917e-03 1.32000000e+02]
 [9.54000000e+02 1.27100000e+03 2.46033212e-03 1.33000000e+02]
 [2.21000000e+02 1.27400000e+03 2.78590340e-03 1.34000000e+02]
 [2.22000000e+02 1.28000000e+03 2.76884600e-03 1.35000000e+02]
 [1.06500000e+03 1.90500000e+03 1.08564552e-03 1.36000000e+02]
 [1.40000000e+01 1.40000000e+01 1.36083784e-03 1.37000000e+02]
 [7.29000000e+02 5.35000000e+02 5.91191091e-03 1.38000000e+02]
 [5.33000000e+02 5.51000000e+02 1.59600959e-03 1.39000000e+02]
 [5.32000000e+02 5.52000000e+02 1.59702706e-03 1.40000000e+02]
 [5.24000000e+02 5.61000000e+02 1.57098984e-03 1.41000000e+02]
 [5.23000000e+02 5.62000000e+02 1.57163537e-03 1.42000000e+02]
 [8.91000000e+02 6.07000000e+02 2.01329659e-03 1.43000000e+02]
 [8.74000000e+02 6.25000000e+02 1.83563447e-03 1.44000000e+02]
 [8.50000000e+02 6.33000000e+02 1.95348379e-03 1.45000000e+02]
 [3.75000000e+02 7.72000000e+02 2.04018992e-03 1.46000000e+02]
 [4.69000000e+02 8.41000000e+02 8.41472391e-03 1.47000000e+02]
 [7.04000000e+02 8.47000000e+02 9.33218658e-01 1.48000000e+02]
 [9.44000000e+02 8.51000000e+02 4.35020821e-03 1.49000000e+02]
 [3.72000000e+02 9.56000000e+02 1.14911981e-03 1.50000000e+02]
 [9.01000000e+02 1.06200000e+03 2.23264075e-03 1.51000000e+02]
 [6.87000000e+02 1.12000000e+03 3.69567005e-03 1.52000000e+02]
 [5.56000000e+02 1.12300000e+03 2.77864607e-03 1.53000000e+02]
 [5.99000000e+02 1.19200000e+03 1.18308235e-03 1.54000000e+02]
 [6.28000000e+02 1.20300000e+03 1.22846582e-03 1.55000000e+02]
 [8.81000000e+02 1.22500000e+03 1.94018905e-03 1.56000000e+02]
 [1.40000000e+01 1.40000000e+01 2.00129882e-03 1.57000000e+02]
 [7.33000000e+02 4.82000000e+02 2.75149592e-03 1.58000000e+02]
 [6.34000000e+02 5.40000000e+02 4.20566928e-03 1.59000000e+02]
 [3.73000000e+02 5.42000000e+02 1.13958528e-03 1.60000000e+02]
 [5.73000000e+02 5.61000000e+02 3.63671244e-03 1.61000000e+02]
 [5.41000000e+02 6.08000000e+02 4.21010517e-03 1.62000000e+02]
 [7.06000000e+02 6.19000000e+02 7.00256554e-03 1.63000000e+02]
 [8.75000000e+02 7.10000000e+02 1.41947228e-03 1.64000000e+02]
 [4.47000000e+02 8.75000000e+02 3.83519428e-03 1.65000000e+02]
 [5.49000000e+02 9.87000000e+02 2.03507696e-03 1.66000000e+02]
 [8.00000000e+02 1.01100000e+03 8.83716524e-01 1.67000000e+02]
 [2.92000000e+02 1.15900000e+03 1.04721414e-03 1.68000000e+02]
 [8.07000000e+02 1.28500000e+03 4.28926945e-03 1.69000000e+02]
 [8.93000000e+02 1.46900000e+03 2.06220942e-03 1.70000000e+02]
 [8.92000000e+02 1.47000000e+03 2.06249091e-03 1.71000000e+02]
 [1.40000000e+01 1.40000000e+01 1.45687989e-03 1.72000000e+02]
 [5.38000000e+02 3.72000000e+02 1.26468891e-03 1.73000000e+02]
 [6.34000000e+02 5.42000000e+02 4.70946124e-03 1.74000000e+02]
 [6.92000000e+02 6.07000000e+02 4.88681020e-03 1.75000000e+02]
 [7.39000000e+02 7.96000000e+02 5.52989496e-03 1.76000000e+02]
 [7.38000000e+02 7.97000000e+02 5.52832847e-03 1.77000000e+02]
 [8.82000000e+02 8.85000000e+02 1.79888832e-03 1.78000000e+02]
 [1.06500000e+03 1.01400000e+03 1.07935967e-03 1.79000000e+02]
 [5.53000000e+02 1.12600000e+03 4.39344067e-03 1.80000000e+02]
 [8.07000000e+02 1.19700000e+03 6.95062637e-01 1.81000000e+02]
 [5.51000000e+02 1.28400000e+03 1.45697419e-03 1.82000000e+02]
 [6.73000000e+02 2.19000000e+02 2.47204280e-03 1.83000000e+02]
 [6.74000000e+02 4.66000000e+02 8.26222479e-01 1.84000000e+02]
 [1.06500000e+03 6.27000000e+02 1.71732891e-03 1.85000000e+02]
 [6.87000000e+02 6.91000000e+02 9.80503950e-03 1.86000000e+02]
 [4.76000000e+02 8.13000000e+02 1.04549888e-03 1.87000000e+02]
 [7.90000000e+02 9.66000000e+02 1.08030846e-03 1.88000000e+02]
 [4.56000000e+02 1.21000000e+03 1.27882790e-02 1.89000000e+02]
 [7.86000000e+02 1.21000000e+03 1.03375071e-03 1.90000000e+02]
 [7.14000000e+02 2.22000000e+02 3.62305879e-03 1.91000000e+02]
 [9.38000000e+02 4.28000000e+02 4.47351206e-03 1.92000000e+02]
 [7.03000000e+02 4.67000000e+02 8.28205228e-01 1.93000000e+02]
 [1.06500000e+03 5.92000000e+02 2.54819565e-03 1.94000000e+02]
 [4.35000000e+02 6.47000000e+02 1.73935667e-03 1.95000000e+02]
 [7.11000000e+02 6.97000000e+02 7.27166468e-03 1.96000000e+02]
 [1.06500000e+03 7.50000000e+02 1.62517233e-03 1.97000000e+02]
 [7.83000000e+02 7.92000000e+02 2.64650909e-03 1.98000000e+02]
 [4.45000000e+02 9.37000000e+02 1.30205834e-03 1.99000000e+02]
 [6.32000000e+02 2.17000000e+02 1.68773695e-03 2.00000000e+02]
 [6.33000000e+02 4.67000000e+02 7.61723936e-01 2.01000000e+02]
 [3.79000000e+02 4.69000000e+02 2.54142657e-03 2.02000000e+02]
 [9.55000000e+02 5.47000000e+02 6.18465291e-03 2.03000000e+02]
 [1.06500000e+03 7.25000000e+02 1.10939599e-03 2.04000000e+02]
 [7.72000000e+02 9.64000000e+02 2.94148829e-03 2.05000000e+02]
 [7.95000000e+02 1.11800000e+03 1.65077986e-03 2.06000000e+02]
 [5.40000000e+02 1.21000000e+03 3.65179079e-03 2.07000000e+02]
 [7.10000000e+02 2.22000000e+02 1.45392481e-03 2.08000000e+02]
 [4.62000000e+02 4.04000000e+02 1.66534504e-03 2.09000000e+02]
 [7.06000000e+02 4.66000000e+02 3.87439340e-01 2.10000000e+02]
 [3.77000000e+02 4.90000000e+02 1.12349505e-03 2.11000000e+02]
 [4.63000000e+02 5.39000000e+02 2.23708805e-03 2.12000000e+02]
 [9.71000000e+02 6.57000000e+02 1.30050536e-03 2.13000000e+02]
 [7.75000000e+02 9.64000000e+02 1.77934847e-03 2.14000000e+02]
 [7.94000000e+02 1.11200000e+03 1.00650557e-03 2.15000000e+02]]