[[3.00000000e+02 4.09000000e+02 9.00136888e-01 0.00000000e+00]
 [3.29000000e+02 4.42000000e+02 9.46001887e-01 1.00000000e+00]
 [2.47000000e+02 4.62000000e+02 9.64148343e-01 2.00000000e+00]
 [2.32000000e+02 5.78000000e+02 8.29607546e-01 3.00000000e+00]
 [1.90000000e+02 5.47000000e+02 8.42807055e-01 4.00000000e+00]
 [4.16000000e+02 4.22000000e+02 9.58852887e-01 5.00000000e+00]
 [5.09000000e+02 5.26000000e+02 9.63815153e-01 6.00000000e+00]
 [4.42000000e+02 6.06000000e+02 9.09719050e-01 7.00000000e+00]
 [3.12000000e+02 6.55000000e+02 8.70483160e-01 8.00000000e+00]
 [2.70000000e+02 8.06000000e+02 9.18172538e-01 9.00000000e+00]
 [2.43000000e+02 9.58000000e+02 9.21890199e-01 1.00000000e+01]
 [4.23000000e+02 6.37000000e+02 8.73894036e-01 1.10000000e+01]
 [4.72000000e+02 7.99000000e+02 9.61971879e-01 1.20000000e+01]
 [5.13000000e+02 9.51000000e+02 9.19560671e-01 1.30000000e+01]
 [2.78000000e+02 3.93000000e+02 8.56305838e-01 1.40000000e+01]
 [3.11000000e+02 3.82000000e+02 8.72742891e-01 1.50000000e+01]
 [2.52000000e+02 3.80000000e+02 4.36161369e-01 1.60000000e+01]
 [3.48000000e+02 3.60000000e+02 8.22903335e-01 1.70000000e+01]]