[[3.78000000e+02 4.65000000e+02 3.23216850e-03 0.00000000e+00]
 [6.46000000e+02 4.89000000e+02 8.17075372e-01 1.00000000e+00]
 [9.14000000e+02 6.62000000e+02 1.37658918e-03 2.00000000e+00]
 [9.60000000e+02 6.66000000e+02 1.19635288e-03 3.00000000e+00]
 [5.23000000e+02 7.91000000e+02 1.24797178e-03 4.00000000e+00]
 [7.73000000e+02 7.91000000e+02 3.44611611e-03 5.00000000e+00]
 [4.51000000e+02 8.63000000e+02 1.35435339e-03 6.00000000e+00]
 [4.50000000e+02 8.64000000e+02 1.35507039e-03 7.00000000e+00]
 [7.86000000e+02 1.04600000e+03 2.84753810e-03 8.00000000e+00]
 [5.79000000e+02 1.04700000e+03 1.15652208e-03 9.00000000e+00]
 [3.71000000e+02 1.12700000e+03 1.37900468e-03 1.00000000e+01]
 [4.53000000e+02 1.20900000e+03 1.28310279e-03 1.10000000e+01]
 [4.30000000e+02 3.47000000e+02 1.26902468e-03 1.20000000e+01]
 [3.81000000e+02 5.74000000e+02 2.70407251e-03 1.30000000e+01]
 [6.28000000e+02 5.76000000e+02 9.28712428e-01 1.40000000e+01]
 [8.60000000e+02 6.18000000e+02 5.71248075e-03 1.50000000e+01]
 [7.93000000e+02 8.67000000e+02 2.25677993e-03 1.60000000e+01]
 [6.16000000e+02 8.75000000e+02 2.43937317e-03 1.70000000e+01]
 [5.40000000e+02 9.57000000e+02 2.83007394e-03 1.80000000e+01]
 [7.89000000e+02 1.40000000e+01 1.26562873e-03 1.90000000e+01]
 [5.35000000e+02 2.99000000e+02 1.92957092e-03 2.00000000e+01]
 [7.82000000e+02 3.75000000e+02 2.23351223e-03 2.10000000e+01]
 [3.03000000e+02 5.43000000e+02 4.37044259e-03 2.20000000e+01]
 [5.39000000e+02 5.67000000e+02 9.69685435e-01 2.30000000e+01]
 [7.78000000e+02 5.96000000e+02 1.75798722e-02 2.40000000e+01]
 [8.60000000e+02 6.06000000e+02 3.90378758e-03 2.50000000e+01]
 [9.43000000e+02 6.21000000e+02 2.47194222e-03 2.60000000e+01]
 [8.81000000e+02 7.91000000e+02 1.02415041e-03 2.70000000e+01]
 [3.57000000e+02 8.14000000e+02 1.50587049e-03 2.80000000e+01]
 [4.55000000e+02 8.77000000e+02 7.95212202e-03 2.90000000e+01]
 [5.41000000e+02 9.69000000e+02 2.33475235e-03 3.00000000e+01]
 [7.78000000e+02 9.82000000e+02 3.58311343e-03 3.10000000e+01]
 [5.26000000e+02 3.84000000e+02 6.94232713e-03 3.20000000e+01]
 [5.32000000e+02 3.85000000e+02 6.92834985e-03 3.30000000e+01]
 [7.83000000e+02 6.12000000e+02 7.63066672e-03 3.40000000e+01]
 [8.61000000e+02 6.26000000e+02 2.61952681e-03 3.50000000e+01]
 [9.38000000e+02 6.63000000e+02 1.99170131e-03 3.60000000e+01]
 [5.31000000e+02 6.66000000e+02 6.98053420e-01 3.70000000e+01]
 [3.04000000e+02 6.85000000e+02 8.12422670e-03 3.80000000e+01]
 [7.88000000e+02 9.57000000e+02 2.53771036e-03 3.90000000e+01]
 [4.58000000e+02 1.21000000e+03 1.45058276e-03 4.00000000e+01]
 [1.40000000e+01 1.40000000e+01 1.44084578e-03 4.10000000e+01]
 [5.94000000e+02 5.41000000e+02 3.78748357e-01 4.20000000e+01]
 [2.98000000e+02 7.71000000e+02 2.68862979e-03 4.30000000e+01]
 [5.88000000e+02 7.80000000e+02 2.49662727e-01 4.40000000e+01]
 [7.81000000e+02 8.15000000e+02 5.43532800e-03 4.50000000e+01]
 [7.82000000e+02 8.23000000e+02 5.42104430e-03 4.60000000e+01]
 [5.43000000e+02 1.04100000e+03 3.37572186e-03 4.70000000e+01]
 [7.89000000e+02 1.15700000e+03 2.78133759e-03 4.80000000e+01]
 [6.23000000e+02 1.15900000e+03 5.31990780e-03 4.90000000e+01]
 [2.97000000e+02 1.21500000e+03 4.10734396e-03 5.00000000e+01]
 [5.29000000e+02 1.36400000e+03 3.96407861e-03 5.10000000e+01]
 [5.28000000e+02 1.36500000e+03 3.96448839e-03 5.20000000e+01]
 [7.89000000e+02 1.40000000e+01 1.23764516e-03 5.30000000e+01]
 [5.08000000e+02 3.62000000e+02 1.63507741e-03 5.40000000e+01]
 [4.62000000e+02 4.03000000e+02 1.77900353e-03 5.50000000e+01]
 [3.80000000e+02 4.48000000e+02 2.27001728e-03 5.60000000e+01]
 [4.68000000e+02 5.68000000e+02 8.07844009e-03 5.70000000e+01]
 [7.17000000e+02 5.83000000e+02 9.02863801e-01 5.80000000e+01]
 [3.79000000e+02 6.21000000e+02 1.74190418e-03 5.90000000e+01]
 [4.71000000e+02 7.76000000e+02 1.00687286e-03 6.00000000e+01]
 [4.39000000e+02 8.05000000e+02 1.17211463e-03 6.10000000e+01]
 [4.38000000e+02 8.06000000e+02 1.17177027e-03 6.20000000e+01]
 [6.23000000e+02 8.74000000e+02 1.50030316e-03 6.30000000e+01]
 [8.72000000e+02 8.76000000e+02 5.66624990e-03 6.40000000e+01]
 [8.73000000e+02 8.77000000e+02 5.65872574e-03 6.50000000e+01]
 [7.87000000e+02 1.00500000e+03 3.38249328e-03 6.60000000e+01]
 [5.39000000e+02 1.02400000e+03 2.99591315e-03 6.70000000e+01]
 [6.26000000e+02 1.17800000e+03 1.00634876e-03 6.80000000e+01]
 [6.17000000e+02 3.82000000e+02 1.70934014e-03 6.90000000e+01]
 [7.93000000e+02 3.85000000e+02 1.73271156e-03 7.00000000e+01]
 [7.86000000e+02 4.75000000e+02 1.90876052e-02 7.10000000e+01]
 [5.66000000e+02 5.40000000e+02 8.36762879e-03 7.20000000e+01]
 [5.63000000e+02 5.41000000e+02 8.36700108e-03 7.30000000e+01]
 [7.53000000e+02 6.99000000e+02 8.07129383e-01 7.40000000e+01]
 [6.06000000e+02 9.88000000e+02 1.95787009e-03 7.50000000e+01]
 [9.60000000e+02 1.12100000e+03 1.06673187e-03 7.60000000e+01]
 [6.21000000e+02 1.20100000e+03 1.09313324e-03 7.70000000e+01]
 [4.58000000e+02 1.21100000e+03 2.68444885e-03 7.80000000e+01]
 [8.70000000e+02 1.21600000e+03 1.04374473e-03 7.90000000e+01]
 [1.40000000e+01 1.40000000e+01 1.72800466e-03 8.00000000e+01]
 [6.12000000e+02 3.75000000e+02 9.66415368e-03 8.10000000e+01]
 [3.75000000e+02 5.44000000e+02 1.05747604e-03 8.20000000e+01]
 [7.09000000e+02 5.55000000e+02 3.71925570e-02 8.30000000e+01]
 [7.08000000e+02 5.56000000e+02 3.71673182e-02 8.40000000e+01]
 [4.59000000e+02 7.90000000e+02 1.95013091e-03 8.50000000e+01]
 [7.28000000e+02 7.94000000e+02 8.76006782e-01 8.60000000e+01]
 [7.21000000e+02 1.02600000e+03 5.84386196e-03 8.70000000e+01]
 [6.63000000e+02 1.12600000e+03 3.18827550e-03 8.80000000e+01]
 [6.24000000e+02 3.74000000e+02 1.25111570e-03 8.90000000e+01]
 [6.26000000e+02 5.44000000e+02 1.08629353e-02 9.00000000e+01]
 [2.99000000e+02 8.19000000e+02 1.42652960e-03 9.10000000e+01]
 [5.63000000e+02 8.38000000e+02 9.46739554e-01 9.20000000e+01]
 [4.58000000e+02 1.21000000e+03 1.34934124e-03 9.30000000e+01]
 [4.56000000e+02 3.73000000e+02 2.03862670e-03 9.40000000e+01]
 [5.44000000e+02 5.42000000e+02 1.94789760e-03 9.50000000e+01]
 [7.15000000e+02 5.54000000e+02 5.90949366e-03 9.60000000e+01]
 [6.24000000e+02 7.09000000e+02 3.21604777e-03 9.70000000e+01]
 [4.28000000e+02 7.11000000e+02 2.56701047e-03 9.80000000e+01]
 [3.52000000e+02 7.74000000e+02 1.90806598e-03 9.90000000e+01]
 [9.55000000e+02 9.64000000e+02 4.58512781e-03 1.00000000e+02]
 [5.26000000e+02 1.01900000e+03 8.89841914e-01 1.01000000e+02]
 [7.76000000e+02 1.10300000e+03 1.64766412e-03 1.02000000e+02]
 [7.75000000e+02 1.10700000e+03 1.63575448e-03 1.03000000e+02]
 [5.49000000e+02 1.28700000e+03 1.69564749e-03 1.04000000e+02]
 [4.55000000e+02 1.37900000e+03 1.17286574e-03 1.05000000e+02]
 [1.06500000e+03 1.90500000e+03 1.07895187e-03 1.06000000e+02]
 [1.14000000e+02 1.40000000e+01 1.15738250e-03 1.07000000e+02]
 [7.09000000e+02 5.42000000e+02 7.52455555e-03 1.08000000e+02]
 [8.50000000e+02 6.09000000e+02 1.10707630e-03 1.09000000e+02]
 [8.51000000e+02 6.10000000e+02 1.10717665e-03 1.10000000e+02]
 [8.52000000e+02 6.11000000e+02 1.10752962e-03 1.11000000e+02]
 [8.53000000e+02 6.12000000e+02 1.10800238e-03 1.12000000e+02]
 [8.54000000e+02 6.13000000e+02 1.10838749e-03 1.13000000e+02]
 [8.55000000e+02 6.14000000e+02 1.10857224e-03 1.14000000e+02]
 [8.57000000e+02 6.15000000e+02 1.10854220e-03 1.15000000e+02]
 [6.12000000e+02 6.99000000e+02 4.17622412e-03 1.16000000e+02]
 [4.53000000e+02 7.93000000e+02 7.24221021e-03 1.17000000e+02]
 [6.30000000e+02 8.76000000e+02 5.32641774e-03 1.18000000e+02]
 [3.84000000e+02 8.80000000e+02 4.64189425e-03 1.19000000e+02]
 [9.59000000e+02 9.15000000e+02 1.14591850e-03 1.20000000e+02]
 [7.78000000e+02 1.15400000e+03 2.97482442e-02 1.21000000e+02]
 [9.53000000e+02 1.15500000e+03 5.97562268e-03 1.22000000e+02]
 [4.66000000e+02 1.20700000e+03 8.77963305e-01 1.23000000e+02]
 [2.18000000e+02 1.26300000e+03 2.12701806e-03 1.24000000e+02]
 [5.16000000e+02 1.44100000e+03 6.68463344e-03 1.25000000e+02]
 [1.06500000e+03 1.90500000e+03 1.17639941e-03 1.26000000e+02]
 [6.15000000e+02 3.79000000e+02 1.20719243e-03 1.27000000e+02]
 [7.18000000e+02 5.32000000e+02 3.78185324e-03 1.28000000e+02]
 [5.37000000e+02 5.48000000e+02 2.19013984e-03 1.29000000e+02]
 [5.36000000e+02 5.49000000e+02 2.18810793e-03 1.30000000e+02]
 [3.74000000e+02 7.42000000e+02 2.22423603e-03 1.31000000e+02]
 [4.72000000e+02 8.21000000e+02 8.07127543e-03 1.32000000e+02]
 [9.46000000e+02 8.29000000e+02 2.51009455e-03 1.33000000e+02]
 [6.99000000e+02 8.37000000e+02 9.06772137e-01 1.34000000e+02]
 [8.99000000e+02 1.07300000e+03 1.34693203e-03 1.35000000e+02]
 [6.00000000e+02 1.12700000e+03 3.13938782e-03 1.36000000e+02]
 [8.59000000e+02 1.22800000e+03 2.00494612e-03 1.37000000e+02]
 [1.40000000e+01 1.40000000e+01 1.79860787e-03 1.38000000e+02]
 [5.40000000e+02 5.43000000e+02 5.48587833e-03 1.39000000e+02]
 [7.13000000e+02 5.44000000e+02 5.59130171e-03 1.40000000e+02]
 [8.70000000e+02 7.11000000e+02 3.49553768e-03 1.41000000e+02]
 [7.72000000e+02 9.95000000e+02 8.79900992e-01 1.42000000e+02]
 [1.02900000e+03 1.03100000e+03 1.73545943e-03 1.43000000e+02]
 [2.90000000e+02 1.14500000e+03 1.08001567e-03 1.44000000e+02]
 [9.72000000e+02 1.25000000e+03 2.10158038e-03 1.45000000e+02]
 [9.37000000e+02 1.36500000e+03 2.77972594e-03 1.46000000e+02]
 [8.28000000e+02 1.40100000e+03 2.23565404e-03 1.47000000e+02]
 [1.06500000e+03 1.90500000e+03 1.06571766e-03 1.48000000e+02]
 [1.40000000e+01 1.40000000e+01 1.37774518e-03 1.49000000e+02]
 [9.50000000e+01 1.40000000e+01 1.51909550e-03 1.50000000e+02]
 [4.58000000e+02 4.34000000e+02 1.01447699e-03 1.51000000e+02]
 [6.25000000e+02 5.11000000e+02 3.45205306e-03 1.52000000e+02]
 [7.78000000e+02 5.30000000e+02 1.35053450e-03 1.53000000e+02]
 [8.43000000e+02 7.93000000e+02 2.96139787e-03 1.54000000e+02]
 [8.45000000e+02 7.94000000e+02 2.96409102e-03 1.55000000e+02]
 [7.03000000e+02 8.76000000e+02 5.16227214e-03 1.56000000e+02]
 [5.42000000e+02 8.77000000e+02 2.32394575e-03 1.57000000e+02]
 [8.71000000e+02 8.81000000e+02 4.49245237e-03 1.58000000e+02]
 [5.50000000e+02 1.14300000e+03 1.91868038e-03 1.59000000e+02]
 [8.06000000e+02 1.14800000e+03 7.40510523e-01 1.60000000e+02]
 [6.42000000e+02 2.18000000e+02 1.95309985e-03 1.61000000e+02]
 [3.84000000e+02 4.55000000e+02 3.86487180e-03 1.62000000e+02]
 [6.34000000e+02 4.69000000e+02 8.27754915e-01 1.63000000e+02]
 [6.22000000e+02 9.77000000e+02 1.46583677e-03 1.64000000e+02]
 [4.57000000e+02 1.21000000e+03 1.26847057e-02 1.65000000e+02]
 [8.01000000e+02 1.29400000e+03 1.20081718e-03 1.66000000e+02]
 [6.83000000e+02 2.20000000e+02 2.62700743e-03 1.67000000e+02]
 [6.61000000e+02 4.70000000e+02 8.04204583e-01 1.68000000e+02]
 [4.33000000e+02 6.56000000e+02 1.15094881e-03 1.69000000e+02]
 [8.95000000e+02 6.57000000e+02 1.58424617e-03 1.70000000e+02]
 [6.90000000e+02 6.87000000e+02 1.48735996e-02 1.71000000e+02]
 [7.32000000e+02 7.89000000e+02 3.38249072e-03 1.72000000e+02]
 [4.49000000e+02 8.75000000e+02 1.67984085e-03 1.73000000e+02]
 [6.10000000e+02 2.17000000e+02 1.38658821e-03 1.74000000e+02]
 [8.68000000e+02 4.40000000e+02 2.26007262e-03 1.75000000e+02]
 [6.04000000e+02 4.71000000e+02 7.62615085e-01 1.76000000e+02]
 [9.57000000e+02 5.85000000e+02 1.01033540e-03 1.77000000e+02]
 [3.44000000e+02 6.53000000e+02 1.21814455e-03 1.78000000e+02]
 [8.07000000e+02 6.57000000e+02 2.49540084e-03 1.79000000e+02]
 [9.61000000e+02 6.73000000e+02 1.03993632e-03 1.80000000e+02]
 [7.88000000e+02 6.96000000e+02 2.04227725e-03 1.81000000e+02]
 [7.26000000e+02 9.65000000e+02 2.90966942e-03 1.82000000e+02]
 [7.93000000e+02 1.10900000e+03 1.70227245e-03 1.83000000e+02]
 [6.34000000e+02 2.22000000e+02 1.20057084e-03 1.84000000e+02]
 [3.75000000e+02 4.61000000e+02 1.63234037e-03 1.85000000e+02]
 [6.54000000e+02 4.75000000e+02 4.11724210e-01 1.86000000e+02]
 [7.47000000e+02 9.68000000e+02 1.83100661e-03 1.87000000e+02]
 [7.92000000e+02 1.10100000e+03 1.30107300e-03 1.88000000e+02]]