[[1.45000000e+02 4.78000000e+02 9.77099955e-01 0.00000000e+00]
 [2.50000000e+02 4.83000000e+02 8.34631801e-01 1.00000000e+00]
 [2.22000000e+02 4.98000000e+02 7.22532630e-01 2.00000000e+00]
 [2.66000000e+02 6.04000000e+02 3.33023727e-01 3.00000000e+00]
 [2.08000000e+02 6.30000000e+02 2.34047562e-01 4.00000000e+00]
 [3.47000000e+02 6.93000000e+02 1.02606490e-01 5.00000000e+00]
 [2.79000000e+02 4.78000000e+02 9.03587401e-01 6.00000000e+00]
 [3.00000000e+02 6.16000000e+02 9.76333141e-01 7.00000000e+00]
 [1.93000000e+02 6.39000000e+02 9.24399853e-01 8.00000000e+00]
 [3.29000000e+02 6.68000000e+02 8.41579318e-01 9.00000000e+00]
 [2.61000000e+02 7.79000000e+02 9.40009713e-01 1.00000000e+01]
 [2.45000000e+02 9.47000000e+02 9.40623224e-01 1.10000000e+01]
 [4.23000000e+02 6.59000000e+02 8.73715878e-01 1.20000000e+01]
 [4.63000000e+02 8.19000000e+02 9.13681865e-01 1.30000000e+01]
 [5.29000000e+02 9.47000000e+02 9.24051881e-01 1.40000000e+01]
 [1.38000000e+02 4.69000000e+02 3.53618592e-01 1.50000000e+01]
 [1.48000000e+02 4.61000000e+02 9.41272974e-01 1.60000000e+01]
 [1.94000000e+02 4.24000000e+02 9.28902566e-01 1.70000000e+01]]