[[9.48000000e+02 3.95000000e+02 1.15673803e-03 0.00000000e+00]
 [9.49000000e+02 3.97000000e+02 1.15740672e-03 1.00000000e+00]
 [3.77000000e+02 4.84000000e+02 2.35867943e-03 2.00000000e+00]
 [6.46000000e+02 5.09000000e+02 9.42054033e-01 3.00000000e+00]
 [9.52000000e+02 5.26000000e+02 1.31283433e-03 4.00000000e+00]
 [2.92000000e+02 5.54000000e+02 1.29416876e-03 5.00000000e+00]
 [9.56000000e+02 6.91000000e+02 1.16567418e-03 6.00000000e+00]
 [9.33000000e+02 7.17000000e+02 1.06245058e-03 7.00000000e+00]
 [9.14000000e+02 7.27000000e+02 1.08269858e-03 8.00000000e+00]
 [4.30000000e+02 7.42000000e+02 1.57174643e-03 9.00000000e+00]
 [4.53000000e+02 8.01000000e+02 1.22030382e-03 1.00000000e+01]
 [5.41000000e+02 1.04300000e+03 1.74823846e-03 1.10000000e+01]
 [8.63000000e+02 1.04300000e+03 2.92585301e-03 1.20000000e+01]
 [6.16000000e+02 2.96000000e+02 1.26343570e-03 1.30000000e+01]
 [3.82000000e+02 5.59000000e+02 3.16154608e-03 1.40000000e+01]
 [8.61000000e+02 5.63000000e+02 5.61921299e-03 1.50000000e+01]
 [6.23000000e+02 5.74000000e+02 9.24033940e-01 1.60000000e+01]
 [6.22000000e+02 8.75000000e+02 4.26441804e-03 1.70000000e+01]
 [7.81000000e+02 8.76000000e+02 1.09056686e-03 1.80000000e+01]
 [7.78000000e+02 9.53000000e+02 1.10689481e-03 1.90000000e+01]
 [5.37000000e+02 9.57000000e+02 2.36203987e-03 2.00000000e+01]
 [7.89000000e+02 1.40000000e+01 1.32062344e-03 2.10000000e+01]
 [5.10000000e+02 2.99000000e+02 1.71476719e-03 2.20000000e+01]
 [3.02000000e+02 5.43000000e+02 3.87335103e-03 2.30000000e+01]
 [5.44000000e+02 5.65000000e+02 9.68994141e-01 2.40000000e+01]
 [8.63000000e+02 5.82000000e+02 5.64581109e-03 2.50000000e+01]
 [7.73000000e+02 5.83000000e+02 2.07132846e-02 2.60000000e+01]
 [3.51000000e+02 8.13000000e+02 1.02425204e-03 2.70000000e+01]
 [6.25000000e+02 8.72000000e+02 1.61701627e-03 2.80000000e+01]
 [4.78000000e+02 9.56000000e+02 1.75834994e-03 2.90000000e+01]
 [4.79000000e+02 9.57000000e+02 1.75840873e-03 3.00000000e+01]
 [7.67000000e+02 9.81000000e+02 2.44671036e-03 3.10000000e+01]
 [6.13000000e+02 3.82000000e+02 2.11475720e-03 3.20000000e+01]
 [3.08000000e+02 5.18000000e+02 1.27827609e-03 3.30000000e+01]
 [2.92000000e+02 5.70000000e+02 1.54501339e-03 3.40000000e+01]
 [8.65000000e+02 6.30000000e+02 1.18853757e-02 3.50000000e+01]
 [6.03000000e+02 6.80000000e+02 8.64230692e-01 3.60000000e+01]
 [2.92000000e+02 6.90000000e+02 1.93939474e-03 3.70000000e+01]
 [7.89000000e+02 9.61000000e+02 1.77388138e-03 3.80000000e+01]
 [2.89000000e+02 1.01200000e+03 1.16973475e-03 3.90000000e+01]
 [4.56000000e+02 1.04200000e+03 6.21821592e-03 4.00000000e+01]
 [8.73000000e+02 1.13900000e+03 1.08523248e-03 4.10000000e+01]
 [3.72000000e+02 1.21100000e+03 1.50536583e-03 4.20000000e+01]
 [1.40000000e+01 1.40000000e+01 1.42390619e-03 4.30000000e+01]
 [6.73000000e+02 5.91000000e+02 6.53231025e-01 4.40000000e+01]
 [9.47000000e+02 6.33000000e+02 3.72593058e-03 4.50000000e+01]
 [9.46000000e+02 6.34000000e+02 3.72822140e-03 4.60000000e+01]
 [3.94000000e+02 7.39000000e+02 4.25640121e-03 4.70000000e+01]
 [3.95000000e+02 7.40000000e+02 4.25271410e-03 4.80000000e+01]
 [6.23000000e+02 1.13300000e+03 5.74103510e-03 4.90000000e+01]
 [7.91000000e+02 1.15300000e+03 1.99282030e-03 5.00000000e+01]
 [3.42000000e+02 1.20400000e+03 1.54573866e-03 5.10000000e+01]
 [5.91000000e+02 1.28000000e+03 1.65100663e-03 5.20000000e+01]
 [5.90000000e+02 1.28100000e+03 1.65111176e-03 5.30000000e+01]
 [5.62000000e+02 1.31200000e+03 1.60750432e-03 5.40000000e+01]
 [5.61000000e+02 1.31300000e+03 1.60761294e-03 5.50000000e+01]
 [5.34000000e+02 1.32700000e+03 1.61006406e-03 5.60000000e+01]
 [8.05000000e+02 1.36700000e+03 1.03018165e-03 5.70000000e+01]
 [4.17000000e+02 1.37800000e+03 1.51955453e-03 5.80000000e+01]
 [7.89000000e+02 1.40000000e+01 1.36895094e-03 5.90000000e+01]
 [9.44000000e+02 5.51000000e+02 3.61073692e-03 6.00000000e+01]
 [7.05000000e+02 5.82000000e+02 8.87595296e-01 6.10000000e+01]
 [4.76000000e+02 6.13000000e+02 1.35023473e-02 6.20000000e+01]
 [3.80000000e+02 6.88000000e+02 2.28833337e-03 6.30000000e+01]
 [7.89000000e+02 8.71000000e+02 5.78106521e-03 6.40000000e+01]
 [7.83000000e+02 1.03200000e+03 2.33759847e-03 6.50000000e+01]
 [5.33000000e+02 1.03900000e+03 1.94985862e-03 6.60000000e+01]
 [6.24000000e+02 1.20100000e+03 1.24324509e-03 6.70000000e+01]
 [5.47000000e+02 4.82000000e+02 1.38575509e-02 6.80000000e+01]
 [3.72000000e+02 4.88000000e+02 6.68885186e-03 6.90000000e+01]
 [3.71000000e+02 7.05000000e+02 1.62984454e-03 7.00000000e+01]
 [7.08000000e+02 7.08000000e+02 6.75457954e-01 7.10000000e+01]
 [4.64000000e+02 7.98000000e+02 1.95839140e-03 7.20000000e+01]
 [6.20000000e+02 1.04400000e+03 1.48663763e-03 7.30000000e+01]
 [9.57000000e+02 1.09800000e+03 1.10477535e-03 7.40000000e+01]
 [6.23000000e+02 1.20900000e+03 1.43740687e-03 7.50000000e+01]
 [1.40000000e+01 1.40000000e+01 1.59809168e-03 7.60000000e+01]
 [6.37000000e+02 4.78000000e+02 2.84198802e-02 7.70000000e+01]
 [3.88000000e+02 5.22000000e+02 1.49060646e-03 7.80000000e+01]
 [1.07900000e+03 7.68000000e+02 1.38696562e-03 7.90000000e+01]
 [1.03400000e+03 7.71000000e+02 1.94399804e-03 8.00000000e+01]
 [7.12000000e+02 7.92000000e+02 5.54092288e-01 8.10000000e+01]
 [9.38000000e+02 8.21000000e+02 1.06444824e-02 8.20000000e+01]
 [7.12000000e+02 1.02800000e+03 3.39640607e-03 8.30000000e+01]
 [6.33000000e+02 1.03800000e+03 3.78293288e-03 8.40000000e+01]
 [9.59000000e+02 1.09800000e+03 3.64758889e-03 8.50000000e+01]
 [6.23000000e+02 1.12500000e+03 9.76381917e-03 8.60000000e+01]
 [1.06500000e+03 1.27800000e+03 1.05605728e-03 8.70000000e+01]
 [1.06500000e+03 1.40000000e+01 1.80539163e-03 8.80000000e+01]
 [6.35000000e+02 3.76000000e+02 1.03374280e-03 8.90000000e+01]
 [6.56000000e+02 3.92000000e+02 1.01103878e-03 9.00000000e+01]
 [8.59000000e+02 4.48000000e+02 1.34512375e-03 9.10000000e+01]
 [7.35000000e+02 5.97000000e+02 5.21474052e-03 9.20000000e+01]
 [3.03000000e+02 8.22000000e+02 4.41281172e-03 9.30000000e+01]
 [5.40000000e+02 8.42000000e+02 9.70217586e-01 9.40000000e+01]
 [7.80000000e+02 8.94000000e+02 1.09606367e-02 9.50000000e+01]
 [2.87000000e+02 1.04600000e+03 1.06316956e-03 9.60000000e+01]
 [2.71000000e+02 1.06400000e+03 1.18482299e-03 9.70000000e+01]
 [6.23000000e+02 1.12600000e+03 1.27973314e-03 9.80000000e+01]
 [9.65000000e+02 1.40000000e+01 1.16350804e-03 9.90000000e+01]
 [6.45000000e+02 3.73000000e+02 1.43311173e-03 1.00000000e+02]
 [7.05000000e+02 5.51000000e+02 6.66587707e-03 1.01000000e+02]
 [6.30000000e+02 6.24000000e+02 9.53748170e-03 1.02000000e+02]
 [3.79000000e+02 7.13000000e+02 3.70633975e-03 1.03000000e+02]
 [8.90000000e+02 8.81000000e+02 4.31639887e-03 1.04000000e+02]
 [4.98000000e+02 1.04100000e+03 8.50713253e-01 1.05000000e+02]
 [2.62000000e+02 1.24000000e+03 1.41578598e-03 1.06000000e+02]
 [7.76000000e+02 5.43000000e+02 7.88330194e-03 1.07000000e+02]
 [4.41000000e+02 7.94000000e+02 2.70009856e-03 1.08000000e+02]
 [6.86000000e+02 7.98000000e+02 9.84102301e-03 1.09000000e+02]
 [3.82000000e+02 8.76000000e+02 2.11654278e-03 1.10000000e+02]
 [6.97000000e+02 1.05300000e+03 2.90530436e-02 1.11000000e+02]
 [7.83000000e+02 1.11600000e+03 2.25242656e-02 1.12000000e+02]
 [9.46000000e+02 1.13400000e+03 6.31279498e-03 1.13000000e+02]
 [4.62000000e+02 1.20000000e+03 8.20925176e-01 1.14000000e+02]
 [6.90000000e+02 1.20200000e+03 2.74968781e-02 1.15000000e+02]
 [2.24000000e+02 1.25800000e+03 3.59159103e-03 1.16000000e+02]
 [2.25000000e+02 1.26200000e+03 3.60396481e-03 1.17000000e+02]
 [2.26000000e+02 1.26700000e+03 3.59185366e-03 1.18000000e+02]
 [5.57000000e+02 5.42000000e+02 3.83274653e-03 1.19000000e+02]
 [7.07000000e+02 5.42000000e+02 9.34249256e-03 1.20000000e+02]
 [5.56000000e+02 5.43000000e+02 3.84591636e-03 1.21000000e+02]
 [3.74000000e+02 7.09000000e+02 3.19210882e-03 1.22000000e+02]
 [6.53000000e+02 8.45000000e+02 9.27418411e-01 1.23000000e+02]
 [5.99000000e+02 1.12000000e+03 3.63344094e-03 1.24000000e+02]
 [6.15000000e+02 1.20600000e+03 1.37719710e-03 1.25000000e+02]
 [8.40000000e+02 1.25100000e+03 1.38235593e-03 1.26000000e+02]
 [1.40000000e+01 1.40000000e+01 1.06269936e-03 1.27000000e+02]
 [5.50000000e+02 5.42000000e+02 7.72967702e-03 1.28000000e+02]
 [6.99000000e+02 5.43000000e+02 8.93779937e-03 1.29000000e+02]
 [6.23000000e+02 7.15000000e+02 4.70039342e-03 1.30000000e+02]
 [7.50000000e+02 1.01200000e+03 8.69591832e-01 1.31000000e+02]
 [1.03200000e+03 1.03600000e+03 1.30041223e-03 1.32000000e+02]
 [9.74000000e+02 1.25000000e+03 2.47247959e-03 1.33000000e+02]
 [7.79000000e+02 1.28300000e+03 3.71720456e-03 1.34000000e+02]
 [9.41000000e+02 1.35800000e+03 2.86605954e-03 1.35000000e+02]
 [7.06000000e+02 3.75000000e+02 1.14996871e-03 1.36000000e+02]
 [6.32000000e+02 5.52000000e+02 7.52938818e-03 1.37000000e+02]
 [4.78000000e+02 7.90000000e+02 1.38647167e-03 1.38000000e+02]
 [7.22000000e+02 7.94000000e+02 8.96308571e-03 1.39000000e+02]
 [6.28000000e+02 8.81000000e+02 6.19974919e-03 1.40000000e+02]
 [4.57000000e+02 9.48000000e+02 1.50463101e-03 1.41000000e+02]
 [5.62000000e+02 1.12300000e+03 9.91029013e-03 1.42000000e+02]
 [5.61000000e+02 1.12400000e+03 9.94396582e-03 1.43000000e+02]
 [4.60000000e+02 1.12700000e+03 1.66838558e-03 1.44000000e+02]
 [7.96000000e+02 1.15900000e+03 7.05702364e-01 1.45000000e+02]
 [5.58000000e+02 1.28900000e+03 1.33483368e-03 1.46000000e+02]
 [5.59000000e+02 1.29000000e+03 1.33007788e-03 1.47000000e+02]
 [8.59000000e+02 4.59000000e+02 1.09723415e-02 1.48000000e+02]
 [3.83000000e+02 4.68000000e+02 3.83294909e-03 1.49000000e+02]
 [6.30000000e+02 4.78000000e+02 9.75591242e-01 1.50000000e+02]
 [4.26000000e+02 7.45000000e+02 1.09598378e-03 1.51000000e+02]
 [4.49000000e+02 8.33000000e+02 1.02815346e-03 1.52000000e+02]
 [4.56000000e+02 1.21000000e+03 7.67651340e-03 1.53000000e+02]
 [6.91000000e+02 2.18000000e+02 1.66520744e-03 1.54000000e+02]
 [6.75000000e+02 4.83000000e+02 9.77965236e-01 1.55000000e+02]
 [4.47000000e+02 8.05000000e+02 1.01852615e-03 1.56000000e+02]
 [6.24000000e+02 8.05000000e+02 2.38390686e-03 1.57000000e+02]
 [6.29000000e+02 8.25000000e+02 2.40251794e-03 1.58000000e+02]
 [6.30000000e+02 8.26000000e+02 2.40335683e-03 1.59000000e+02]
 [6.31000000e+02 8.28000000e+02 2.40330468e-03 1.60000000e+02]
 [6.32000000e+02 8.31000000e+02 2.40348931e-03 1.61000000e+02]
 [6.33000000e+02 8.33000000e+02 2.40332470e-03 1.62000000e+02]
 [6.92000000e+02 8.75000000e+02 2.66237441e-03 1.63000000e+02]
 [4.47000000e+02 9.48000000e+02 1.55451684e-03 1.64000000e+02]
 [6.25000000e+02 2.17000000e+02 1.26775063e-03 1.65000000e+02]
 [8.71000000e+02 4.05000000e+02 1.91379082e-03 1.66000000e+02]
 [5.92000000e+02 4.78000000e+02 8.16148877e-01 1.67000000e+02]
 [2.94000000e+02 5.63000000e+02 1.13966106e-03 1.68000000e+02]
 [7.96000000e+02 6.46000000e+02 1.49651233e-03 1.69000000e+02]
 [8.08000000e+02 6.57000000e+02 1.58128049e-03 1.70000000e+02]
 [9.54000000e+02 6.92000000e+02 1.04818097e-03 1.71000000e+02]
 [5.43000000e+02 9.59000000e+02 1.15094194e-03 1.72000000e+02]
 [7.06000000e+02 9.68000000e+02 2.35212198e-03 1.73000000e+02]
 [8.00000000e+02 1.12100000e+03 1.69010612e-03 1.74000000e+02]
 [3.74000000e+02 4.58000000e+02 1.17675320e-03 1.75000000e+02]
 [4.66000000e+02 4.58000000e+02 2.83788447e-03 1.76000000e+02]
 [9.46000000e+02 4.62000000e+02 1.56905572e-03 1.77000000e+02]
 [6.97000000e+02 4.80000000e+02 4.64323312e-01 1.78000000e+02]
 [7.15000000e+02 9.86000000e+02 1.63919549e-03 1.79000000e+02]
 [7.96000000e+02 1.11400000e+03 1.44507340e-03 1.80000000e+02]]