[[7.60000000e+02 5.10000000e+02 8.84357631e-01 0.00000000e+00]
 [6.98000000e+02 5.80000000e+02 8.98941398e-01 1.00000000e+00]
 [6.32000000e+02 5.63000000e+02 9.83123362e-01 2.00000000e+00]
 [6.96000000e+02 6.79000000e+02 8.51840556e-01 3.00000000e+00]
 [7.58000000e+02 5.69000000e+02 7.18183517e-01 4.00000000e+00]
 [7.70000000e+02 5.94000000e+02 8.39110374e-01 5.00000000e+00]
 [7.71000000e+02 7.27000000e+02 6.95633054e-01 6.00000000e+00]
 [7.88000000e+02 8.47000000e+02 6.60773039e-01 7.00000000e+00]
 [5.87000000e+02 8.48000000e+02 9.27108645e-01 8.00000000e+00]
 [5.33000000e+02 1.04300000e+03 8.84136498e-01 9.00000000e+00]
 [4.69000000e+02 1.20000000e+03 8.48652482e-01 1.00000000e+01]
 [7.01000000e+02 8.49000000e+02 9.23343599e-01 1.10000000e+01]
 [8.09000000e+02 1.01200000e+03 8.84698391e-01 1.20000000e+01]
 [8.05000000e+02 1.18700000e+03 7.04424977e-01 1.30000000e+01]
 [7.38000000e+02 4.80000000e+02 9.05959070e-01 1.40000000e+01]
 [7.80000000e+02 4.85000000e+02 8.72727394e-01 1.50000000e+01]
 [6.99000000e+02 4.77000000e+02 8.90878320e-01 1.60000000e+01]]