[[3.75000000e+02 4.89000000e+02 1.76417478e-03 0.00000000e+00]
 [6.77000000e+02 4.98000000e+02 8.88365567e-01 1.00000000e+00]
 [1.06500000e+03 6.45000000e+02 1.08152360e-03 2.00000000e+00]
 [9.92000000e+02 6.48000000e+02 1.11817056e-03 3.00000000e+00]
 [1.06500000e+03 7.91000000e+02 2.74426094e-03 4.00000000e+00]
 [7.89000000e+02 7.92000000e+02 3.24386684e-03 5.00000000e+00]
 [5.38000000e+02 7.96000000e+02 2.20113690e-03 6.00000000e+00]
 [9.37000000e+02 1.04200000e+03 3.07992264e-03 7.00000000e+00]
 [5.50000000e+02 1.04600000e+03 1.43013860e-03 8.00000000e+00]
 [6.14000000e+02 1.10300000e+03 1.07465091e-03 9.00000000e+00]
 [6.15000000e+02 1.10400000e+03 1.07461959e-03 1.00000000e+01]
 [5.34000000e+02 1.20800000e+03 1.11053081e-03 1.10000000e+01]
 [6.76000000e+02 5.84000000e+02 8.96276891e-01 1.20000000e+01]
 [9.51000000e+02 6.01000000e+02 1.99774606e-03 1.30000000e+01]
 [8.97000000e+02 8.13000000e+02 1.03657774e-03 1.40000000e+01]
 [6.87000000e+02 8.76000000e+02 1.53948262e-03 1.50000000e+01]
 [5.91000000e+02 9.56000000e+02 1.06964458e-03 1.60000000e+01]
 [8.63000000e+02 9.86000000e+02 1.08198833e-03 1.70000000e+01]
 [7.95000000e+02 1.40000000e+01 2.11963826e-03 1.80000000e+01]
 [5.39000000e+02 1.24000000e+02 1.31200976e-03 1.90000000e+01]
 [8.73000000e+02 3.74000000e+02 1.26742059e-03 2.00000000e+01]
 [9.54000000e+02 5.50000000e+02 4.35362617e-03 2.10000000e+01]
 [5.77000000e+02 5.84000000e+02 8.80206585e-01 2.20000000e+01]
 [8.64000000e+02 6.24000000e+02 7.58196088e-03 2.30000000e+01]
 [3.92000000e+02 7.82000000e+02 1.14967430e-03 2.40000000e+01]
 [3.91000000e+02 7.83000000e+02 1.15104672e-03 2.50000000e+01]
 [3.56000000e+02 8.21000000e+02 1.10600330e-03 2.60000000e+01]
 [5.29000000e+02 8.72000000e+02 3.40875331e-03 2.70000000e+01]
 [5.42000000e+02 9.48000000e+02 1.98971294e-03 2.80000000e+01]
 [8.41000000e+02 9.80000000e+02 3.15360958e-03 2.90000000e+01]
 [7.98000000e+02 1.08700000e+03 1.43340661e-03 3.00000000e+01]
 [7.92000000e+02 1.09700000e+03 1.43722352e-03 3.10000000e+01]
 [4.57000000e+02 3.77000000e+02 2.25375639e-03 3.20000000e+01]
 [8.52000000e+02 6.19000000e+02 7.27105048e-03 3.30000000e+01]
 [8.53000000e+02 6.20000000e+02 7.26884790e-03 3.40000000e+01]
 [7.81000000e+02 6.24000000e+02 1.32980198e-02 3.50000000e+01]
 [1.07900000e+03 6.44000000e+02 3.13373306e-03 3.60000000e+01]
 [3.05000000e+02 6.76000000e+02 7.12385261e-03 3.70000000e+01]
 [5.37000000e+02 6.80000000e+02 8.09574246e-01 3.80000000e+01]
 [1.07900000e+03 7.77000000e+02 3.06159677e-03 3.90000000e+01]
 [9.78000000e+02 7.82000000e+02 3.27053852e-03 4.00000000e+01]
 [7.76000000e+02 7.88000000e+02 1.11370897e-02 4.10000000e+01]
 [8.63000000e+02 9.60000000e+02 2.21198495e-03 4.20000000e+01]
 [5.45000000e+02 1.04500000e+03 1.37739000e-03 4.30000000e+01]
 [9.55000000e+02 1.13200000e+03 1.85460271e-03 4.40000000e+01]
 [5.92000000e+02 5.80000000e+02 5.27510405e-01 4.50000000e+01]
 [3.05000000e+02 6.33000000e+02 2.28941091e-03 4.60000000e+01]
 [1.06500000e+03 6.37000000e+02 3.63034196e-03 4.70000000e+01]
 [3.00000000e+02 7.87000000e+02 4.48890543e-03 4.80000000e+01]
 [9.65000000e+02 7.92000000e+02 1.32149761e-03 4.90000000e+01]
 [6.08000000e+02 1.03900000e+03 4.17938223e-03 5.00000000e+01]
 [3.76000000e+02 1.06000000e+03 1.43609964e-03 5.10000000e+01]
 [6.51000000e+02 1.20300000e+03 2.04215222e-03 5.20000000e+01]
 [8.72000000e+02 1.21800000e+03 1.52147026e-03 5.30000000e+01]
 [4.92000000e+02 1.41000000e+03 1.40763726e-03 5.40000000e+01]
 [7.93000000e+02 1.40000000e+01 2.17179325e-03 5.50000000e+01]
 [7.12000000e+02 1.22000000e+02 1.16792251e-03 5.60000000e+01]
 [5.40000000e+02 1.24000000e+02 1.48771994e-03 5.70000000e+01]
 [7.77000000e+02 5.85000000e+02 9.01936412e-01 5.80000000e+01]
 [1.02700000e+03 6.15000000e+02 3.30983452e-03 5.90000000e+01]
 [4.61000000e+02 6.16000000e+02 4.65803267e-03 6.00000000e+01]
 [1.06500000e+03 7.41000000e+02 1.43381441e-03 6.10000000e+01]
 [4.49000000e+02 8.18000000e+02 1.21110748e-03 6.20000000e+01]
 [9.84000000e+02 8.19000000e+02 2.22182600e-03 6.30000000e+01]
 [1.06500000e+03 8.58000000e+02 1.22219103e-03 6.40000000e+01]
 [8.78000000e+02 8.86000000e+02 2.83041969e-03 6.50000000e+01]
 [8.70000000e+02 1.03000000e+03 3.16805532e-03 6.60000000e+01]
 [6.23000000e+02 3.75000000e+02 1.05319219e-03 6.70000000e+01]
 [8.58000000e+02 4.78000000e+02 6.70809811e-03 6.80000000e+01]
 [3.73000000e+02 5.40000000e+02 1.31779211e-03 6.90000000e+01]
 [8.13000000e+02 6.98000000e+02 8.23187590e-01 7.00000000e+01]
 [1.06500000e+03 1.03500000e+03 1.50216848e-03 7.10000000e+01]
 [6.95000000e+02 1.04400000e+03 2.01758766e-03 7.20000000e+01]
 [6.72000000e+02 1.21100000e+03 1.03915459e-03 7.30000000e+01]
 [1.40000000e+01 1.40000000e+01 1.08940806e-03 7.40000000e+01]
 [6.23000000e+02 3.75000000e+02 1.92485028e-03 7.50000000e+01]
 [6.13000000e+02 3.85000000e+02 1.89786882e-03 7.60000000e+01]
 [5.40000000e+02 4.59000000e+02 8.47704615e-03 7.70000000e+01]
 [9.56000000e+02 4.60000000e+02 1.71339279e-03 7.80000000e+01]
 [7.89000000e+02 4.64000000e+02 2.82261032e-03 7.90000000e+01]
 [7.86000000e+02 5.49000000e+02 7.62228714e-03 8.00000000e+01]
 [1.06500000e+03 6.14000000e+02 2.31647212e-03 8.10000000e+01]
 [1.07900000e+03 6.15000000e+02 2.31759786e-03 8.20000000e+01]
 [4.51000000e+02 6.34000000e+02 4.22964664e-03 8.30000000e+01]
 [1.02200000e+03 7.74000000e+02 8.58523604e-03 8.40000000e+01]
 [4.62000000e+02 7.85000000e+02 4.12652176e-03 8.50000000e+01]
 [7.98000000e+02 7.96000000e+02 9.93842423e-01 8.60000000e+01]
 [5.43000000e+02 8.01000000e+02 5.68261743e-03 8.70000000e+01]
 [7.17000000e+02 1.03500000e+03 4.06711362e-03 8.80000000e+01]
 [1.06500000e+03 1.05300000e+03 5.07099275e-03 8.90000000e+01]
 [9.89000000e+02 1.11000000e+03 2.92951800e-03 9.00000000e+01]
 [9.76000000e+02 1.12000000e+03 2.95864674e-03 9.10000000e+01]
 [9.75000000e+02 1.12100000e+03 2.95876339e-03 9.20000000e+01]
 [7.05000000e+02 1.12500000e+03 2.78261886e-03 9.30000000e+01]
 [1.06500000e+03 1.28500000e+03 1.03203312e-03 9.40000000e+01]
 [1.06500000e+03 1.40000000e+01 1.49284326e-03 9.50000000e+01]
 [6.25000000e+02 3.75000000e+02 1.07311318e-03 9.60000000e+01]
 [7.15000000e+02 5.41000000e+02 3.52201122e-03 9.70000000e+01]
 [8.09000000e+02 6.12000000e+02 3.09735211e-03 9.80000000e+01]
 [7.69000000e+02 6.36000000e+02 3.32538737e-03 9.90000000e+01]
 [8.68000000e+02 8.12000000e+02 3.68057634e-03 1.00000000e+02]
 [6.02000000e+02 8.50000000e+02 9.72960949e-01 1.01000000e+02]
 [8.60000000e+02 9.53000000e+02 8.86575598e-03 1.02000000e+02]
 [3.50000000e+02 1.06700000e+03 1.06900127e-03 1.03000000e+02]
 [9.58000000e+02 1.12800000e+03 1.38259341e-03 1.04000000e+02]
 [9.32000000e+02 1.40000000e+01 1.31123385e-03 1.05000000e+02]
 [1.07900000e+03 1.40000000e+01 1.03737495e-03 1.06000000e+02]
 [7.26000000e+02 5.55000000e+02 4.94499272e-03 1.07000000e+02]
 [6.30000000e+02 7.10000000e+02 3.08630732e-03 1.08000000e+02]
 [4.53000000e+02 7.12000000e+02 3.69294384e-03 1.09000000e+02]
 [7.85000000e+02 7.93000000e+02 4.74960962e-03 1.10000000e+02]
 [7.84000000e+02 7.94000000e+02 4.74791275e-03 1.11000000e+02]
 [7.71000000e+02 9.64000000e+02 9.80038010e-03 1.12000000e+02]
 [1.06500000e+03 9.68000000e+02 1.02144741e-02 1.13000000e+02]
 [5.47000000e+02 1.03700000e+03 9.00803983e-01 1.14000000e+02]
 [2.99000000e+02 1.06400000e+03 1.68470654e-03 1.15000000e+02]
 [5.49000000e+02 1.27400000e+03 6.07513683e-03 1.16000000e+02]
 [1.06500000e+03 1.90500000e+03 1.10519479e-03 1.17000000e+02]
 [1.17000000e+02 1.40000000e+01 1.42874510e-03 1.18000000e+02]
 [7.17000000e+02 5.60000000e+02 4.36044857e-03 1.19000000e+02]
 [3.84000000e+02 7.04000000e+02 1.05878280e-03 1.20000000e+02]
 [8.81000000e+02 7.07000000e+02 1.05766882e-03 1.21000000e+02]
 [5.35000000e+02 7.88000000e+02 8.64932779e-03 1.22000000e+02]
 [7.89000000e+02 7.94000000e+02 3.78084881e-03 1.23000000e+02]
 [4.12000000e+02 8.80000000e+02 3.47750494e-03 1.24000000e+02]
 [1.06500000e+03 8.93000000e+02 1.38426840e-03 1.25000000e+02]
 [6.85000000e+02 9.61000000e+02 4.11139475e-03 1.26000000e+02]
 [8.68000000e+02 1.11500000e+03 1.41367642e-02 1.27000000e+02]
 [1.06500000e+03 1.13700000e+03 2.07699686e-02 1.28000000e+02]
 [7.79000000e+02 1.20400000e+03 1.48868663e-02 1.29000000e+02]
 [5.23000000e+02 1.20900000e+03 8.28296006e-01 1.30000000e+02]
 [8.70000000e+02 1.28500000e+03 1.54556660e-03 1.31000000e+02]
 [1.06500000e+03 1.90500000e+03 1.17363886e-03 1.32000000e+02]
 [7.10000000e+02 5.32000000e+02 3.38212377e-03 1.33000000e+02]
 [4.79000000e+02 6.89000000e+02 2.03862367e-03 1.34000000e+02]
 [4.65000000e+02 7.20000000e+02 2.27574469e-03 1.35000000e+02]
 [7.26000000e+02 8.53000000e+02 9.22122359e-01 1.36000000e+02]
 [3.72000000e+02 8.63000000e+02 1.51999667e-03 1.37000000e+02]
 [5.80000000e+02 1.12200000e+03 3.52902617e-03 1.38000000e+02]
 [8.81000000e+02 1.21600000e+03 1.47587666e-03 1.39000000e+02]
 [1.40000000e+01 1.40000000e+01 1.26376608e-03 1.40000000e+02]
 [7.78000000e+02 5.41000000e+02 2.04501231e-03 1.41000000e+02]
 [5.44000000e+02 6.18000000e+02 6.07227813e-03 1.42000000e+02]
 [9.57000000e+02 7.09000000e+02 1.52827404e-03 1.43000000e+02]
 [5.33000000e+02 7.94000000e+02 1.02344598e-03 1.44000000e+02]
 [5.32000000e+02 7.95000000e+02 1.02196133e-03 1.45000000e+02]
 [4.56000000e+02 8.75000000e+02 3.41582228e-03 1.46000000e+02]
 [8.37000000e+02 1.02000000e+03 8.29912841e-01 1.47000000e+02]
 [3.73000000e+02 1.12700000e+03 3.01600085e-03 1.48000000e+02]
 [7.87000000e+02 1.28600000e+03 1.30179105e-03 1.49000000e+02]
 [1.06500000e+03 1.37900000e+03 1.19327742e-03 1.50000000e+02]
 [1.06500000e+03 1.90500000e+03 1.14499941e-03 1.51000000e+02]
 [1.12000000e+02 1.40000000e+01 1.47905329e-03 1.52000000e+02]
 [7.89000000e+02 5.41000000e+02 2.17518164e-03 1.53000000e+02]
 [6.11000000e+02 5.46000000e+02 2.79651862e-03 1.54000000e+02]
 [4.70000000e+02 5.86000000e+02 1.38841302e-03 1.55000000e+02]
 [4.69000000e+02 5.88000000e+02 1.38897425e-03 1.56000000e+02]
 [4.68000000e+02 5.90000000e+02 1.38955098e-03 1.57000000e+02]
 [7.89000000e+02 7.94000000e+02 2.25334754e-03 1.58000000e+02]
 [9.45000000e+02 8.81000000e+02 3.29783536e-03 1.59000000e+02]
 [7.00000000e+02 9.12000000e+02 3.56081035e-03 1.60000000e+02]
 [5.42000000e+02 1.12600000e+03 8.47245008e-03 1.61000000e+02]
 [6.32000000e+02 1.12600000e+03 9.50877275e-03 1.62000000e+02]
 [9.04000000e+02 1.14800000e+03 7.45718479e-01 1.63000000e+02]
 [1.07900000e+03 1.17800000e+03 1.11236796e-01 1.64000000e+02]
 [6.36000000e+02 1.28300000e+03 4.52543609e-03 1.65000000e+02]
 [6.89000000e+02 2.18000000e+02 1.71541015e-03 1.66000000e+02]
 [6.52000000e+02 4.76000000e+02 9.17375505e-01 1.67000000e+02]
 [1.06500000e+03 7.87000000e+02 1.82011072e-03 1.68000000e+02]
 [7.06000000e+02 9.60000000e+02 1.54264411e-03 1.69000000e+02]
 [9.59000000e+02 1.12800000e+03 3.27015668e-03 1.70000000e+02]
 [5.36000000e+02 1.21000000e+03 5.01265563e-03 1.71000000e+02]
 [9.20000000e+02 1.29300000e+03 1.36926619e-03 1.72000000e+02]
 [7.00000000e+02 2.19000000e+02 2.76235654e-03 1.73000000e+02]
 [9.44000000e+02 4.60000000e+02 3.15449690e-03 1.74000000e+02]
 [6.95000000e+02 4.73000000e+02 9.18001294e-01 1.75000000e+02]
 [4.76000000e+02 4.77000000e+02 1.12167997e-02 1.76000000e+02]
 [4.59000000e+02 6.17000000e+02 1.51280814e-03 1.77000000e+02]
 [4.34000000e+02 6.47000000e+02 2.25357874e-03 1.78000000e+02]
 [7.48000000e+02 6.89000000e+02 1.05918823e-02 1.79000000e+02]
 [5.14000000e+02 7.40000000e+02 1.51068636e-03 1.80000000e+02]
 [7.86000000e+02 7.91000000e+02 1.43364153e-03 1.81000000e+02]
 [1.06500000e+03 7.91000000e+02 2.33353209e-03 1.82000000e+02]
 [5.22000000e+02 8.57000000e+02 1.38283661e-03 1.83000000e+02]
 [7.89000000e+02 8.70000000e+02 2.93114083e-03 1.84000000e+02]
 [4.62000000e+02 9.17000000e+02 1.08331419e-03 1.85000000e+02]
 [4.61000000e+02 9.18000000e+02 1.08345179e-03 1.86000000e+02]
 [4.55000000e+02 9.27000000e+02 1.08669070e-03 1.87000000e+02]
 [8.62000000e+02 4.60000000e+02 3.15374974e-03 1.88000000e+02]
 [3.82000000e+02 4.66000000e+02 3.50782392e-03 1.89000000e+02]
 [6.22000000e+02 4.77000000e+02 7.55789697e-01 1.90000000e+02]
 [8.66000000e+02 6.21000000e+02 2.15506367e-03 1.91000000e+02]
 [1.06500000e+03 6.44000000e+02 1.08942261e-03 1.92000000e+02]
 [1.06500000e+03 7.91000000e+02 1.46071857e-03 1.93000000e+02]
 [7.89000000e+02 9.70000000e+02 3.75450123e-03 1.94000000e+02]
 [6.74000000e+02 2.17000000e+02 1.28105446e-03 1.95000000e+02]
 [7.50000000e+02 2.17000000e+02 1.34668383e-03 1.96000000e+02]
 [7.12000000e+02 4.63000000e+02 6.10011399e-01 1.97000000e+02]
 [4.63000000e+02 4.90000000e+02 2.73908698e-03 1.98000000e+02]
 [4.62000000e+02 4.96000000e+02 2.73912167e-03 1.99000000e+02]
 [1.06500000e+03 8.01000000e+02 1.09252695e-03 2.00000000e+02]
 [7.98000000e+02 9.85000000e+02 2.14863638e-03 2.01000000e+02]]