[[6.23000000e+02 5.07000000e+02 6.08469903e-01 0.00000000e+00]
 [6.33000000e+02 5.77000000e+02 9.18862939e-01 1.00000000e+00]
 [5.46000000e+02 5.71000000e+02 9.39857483e-01 2.00000000e+00]
 [5.15000000e+02 6.73000000e+02 6.48232341e-01 3.00000000e+00]
 [7.18000000e+02 5.81000000e+02 8.71426344e-01 4.00000000e+00]
 [7.58000000e+02 6.95000000e+02 7.89845109e-01 5.00000000e+00]
 [7.54000000e+02 7.90000000e+02 8.49950969e-01 6.00000000e+00]
 [5.61000000e+02 8.42000000e+02 9.38891590e-01 7.00000000e+00]
 [5.22000000e+02 1.02600000e+03 9.23167765e-01 8.00000000e+00]
 [4.62000000e+02 1.20200000e+03 8.53235960e-01 9.00000000e+00]
 [6.94000000e+02 8.43000000e+02 9.09442782e-01 1.00000000e+01]
 [7.71000000e+02 1.01100000e+03 8.79276395e-01 1.10000000e+01]
 [8.03000000e+02 1.16600000e+03 7.10144699e-01 1.20000000e+01]
 [6.18000000e+02 4.83000000e+02 5.94823360e-01 1.30000000e+01]
 [6.35000000e+02 4.83000000e+02 6.31887138e-01 1.40000000e+01]
 [6.67000000e+02 4.67000000e+02 6.93521619e-01 1.50000000e+01]]