[[3.97000000e+02 3.66000000e+02 6.89800262e-01 0.00000000e+00]
 [3.76000000e+02 4.26000000e+02 9.49266493e-01 1.00000000e+00]
 [3.08000000e+02 4.35000000e+02 1.00816822e+00 2.00000000e+00]
 [3.53000000e+02 5.61000000e+02 9.52420235e-01 3.00000000e+00]
 [4.01000000e+02 4.51000000e+02 8.77384126e-01 4.00000000e+00]
 [4.52000000e+02 4.19000000e+02 9.03690100e-01 5.00000000e+00]
 [4.90000000e+02 5.13000000e+02 9.48327601e-01 6.00000000e+00]
 [4.96000000e+02 6.03000000e+02 9.50416863e-01 7.00000000e+00]
 [3.29000000e+02 6.70000000e+02 8.39017332e-01 8.00000000e+00]
 [2.63000000e+02 8.19000000e+02 9.40911829e-01 9.00000000e+00]
 [2.40000000e+02 9.66000000e+02 9.08605814e-01 1.00000000e+01]
 [4.29000000e+02 6.54000000e+02 8.50223422e-01 1.10000000e+01]
 [4.81000000e+02 8.00000000e+02 9.46287990e-01 1.20000000e+01]
 [5.36000000e+02 9.53000000e+02 9.42693353e-01 1.30000000e+01]
 [3.82000000e+02 3.58000000e+02 6.86555684e-01 1.40000000e+01]
 [4.09000000e+02 3.54000000e+02 6.79840803e-01 1.50000000e+01]
 [3.55000000e+02 3.59000000e+02 7.16198981e-01 1.60000000e+01]
 [4.04000000e+02 3.50000000e+02 3.43147874e-01 1.70000000e+01]]