[[1.38000000e+02 5.31000000e+02 9.87852752e-01 0.00000000e+00]
 [2.42000000e+02 5.34000000e+02 8.31851721e-01 1.00000000e+00]
 [2.14000000e+02 5.50000000e+02 7.00618267e-01 2.00000000e+00]
 [2.64000000e+02 6.73000000e+02 2.74890929e-01 3.00000000e+00]
 [2.44000000e+02 7.03000000e+02 3.14580262e-01 4.00000000e+00]
 [2.71000000e+02 5.30000000e+02 9.16327655e-01 5.00000000e+00]
 [3.10000000e+02 6.64000000e+02 9.13601696e-01 6.00000000e+00]
 [2.30000000e+02 7.03000000e+02 7.73275435e-01 7.00000000e+00]
 [3.32000000e+02 6.94000000e+02 7.86154985e-01 8.00000000e+00]
 [2.42000000e+02 7.92000000e+02 9.36588705e-01 9.00000000e+00]
 [2.16000000e+02 9.69000000e+02 8.97257149e-01 1.00000000e+01]
 [4.19000000e+02 6.86000000e+02 8.69409084e-01 1.10000000e+01]
 [4.42000000e+02 8.55000000e+02 8.95517349e-01 1.20000000e+01]
 [5.23000000e+02 9.71000000e+02 9.24445510e-01 1.30000000e+01]
 [1.26000000e+02 5.25000000e+02 4.76526618e-01 1.40000000e+01]
 [1.39000000e+02 5.12000000e+02 9.38346624e-01 1.50000000e+01]
 [1.85000000e+02 4.76000000e+02 9.52758670e-01 1.60000000e+01]]