[[4.16000000e+02 3.46000000e+02 7.91749239e-01 0.00000000e+00]
 [4.14000000e+02 4.18000000e+02 1.01919007e+00 1.00000000e+00]
 [3.27000000e+02 4.18000000e+02 9.47132468e-01 2.00000000e+00]
 [2.94000000e+02 5.49000000e+02 9.58053350e-01 3.00000000e+00]
 [3.36000000e+02 4.50000000e+02 8.61761153e-01 4.00000000e+00]
 [4.88000000e+02 4.20000000e+02 9.65330899e-01 5.00000000e+00]
 [5.31000000e+02 5.18000000e+02 9.44075167e-01 6.00000000e+00]
 [5.27000000e+02 5.86000000e+02 1.02877510e+00 7.00000000e+00]
 [3.28000000e+02 6.46000000e+02 8.56387258e-01 8.00000000e+00]
 [2.65000000e+02 8.07000000e+02 9.41237509e-01 9.00000000e+00]
 [2.39000000e+02 9.52000000e+02 9.04330611e-01 1.00000000e+01]
 [4.34000000e+02 6.50000000e+02 8.61604929e-01 1.10000000e+01]
 [4.74000000e+02 8.00000000e+02 9.24200594e-01 1.20000000e+01]
 [5.12000000e+02 9.43000000e+02 9.11021113e-01 1.30000000e+01]
 [4.00000000e+02 3.22000000e+02 8.00148666e-01 1.40000000e+01]
 [4.31000000e+02 3.27000000e+02 7.91866541e-01 1.50000000e+01]
 [3.74000000e+02 3.17000000e+02 6.09617472e-01 1.60000000e+01]
 [4.66000000e+02 3.22000000e+02 7.88916111e-01 1.70000000e+01]]