[[7.32000000e+02 5.24000000e+02 8.45140338e-01 0.00000000e+00]
 [6.67000000e+02 5.74000000e+02 8.81361246e-01 1.00000000e+00]
 [6.10000000e+02 5.67000000e+02 9.07124162e-01 2.00000000e+00]
 [7.08000000e+02 6.46000000e+02 8.24904621e-01 3.00000000e+00]
 [7.82000000e+02 5.18000000e+02 5.46677589e-01 4.00000000e+00]
 [7.32000000e+02 5.81000000e+02 7.50147581e-01 5.00000000e+00]
 [7.42000000e+02 7.00000000e+02 6.48095429e-01 6.00000000e+00]
 [7.77000000e+02 7.93000000e+02 7.77883410e-01 7.00000000e+00]
 [5.70000000e+02 8.50000000e+02 9.46191847e-01 8.00000000e+00]
 [5.33000000e+02 1.03700000e+03 8.82009923e-01 9.00000000e+00]
 [4.67000000e+02 1.19500000e+03 8.14298451e-01 1.00000000e+01]
 [6.86000000e+02 8.44000000e+02 9.16648388e-01 1.10000000e+01]
 [7.90000000e+02 1.00900000e+03 8.89651000e-01 1.20000000e+01]
 [8.05000000e+02 1.20500000e+03 7.11177528e-01 1.30000000e+01]
 [7.12000000e+02 4.94000000e+02 7.91707337e-01 1.40000000e+01]
 [7.46000000e+02 4.95000000e+02 7.12456048e-01 1.50000000e+01]
 [6.56000000e+02 4.90000000e+02 7.69425511e-01 1.60000000e+01]]