[[4.09000000e+02 4.09000000e+02 8.46012414e-01 0.00000000e+00]
 [4.14000000e+02 4.66000000e+02 9.92620885e-01 1.00000000e+00]
 [3.51000000e+02 4.61000000e+02 9.37919199e-01 2.00000000e+00]
 [3.68000000e+02 5.57000000e+02 1.00259066e+00 3.00000000e+00]
 [4.47000000e+02 4.73000000e+02 9.70912099e-01 4.00000000e+00]
 [4.75000000e+02 4.68000000e+02 9.15476263e-01 5.00000000e+00]
 [5.14000000e+02 5.45000000e+02 8.69613409e-01 6.00000000e+00]
 [5.02000000e+02 6.00000000e+02 9.71885383e-01 7.00000000e+00]
 [3.38000000e+02 6.76000000e+02 8.71515095e-01 8.00000000e+00]
 [2.70000000e+02 8.13000000e+02 9.13732350e-01 9.00000000e+00]
 [2.36000000e+02 9.51000000e+02 9.04944181e-01 1.00000000e+01]
 [4.25000000e+02 6.77000000e+02 8.35781693e-01 1.10000000e+01]
 [4.77000000e+02 8.05000000e+02 9.27041769e-01 1.20000000e+01]
 [5.24000000e+02 9.50000000e+02 9.28371847e-01 1.30000000e+01]
 [3.97000000e+02 3.94000000e+02 8.06245446e-01 1.40000000e+01]
 [4.22000000e+02 3.94000000e+02 8.66184771e-01 1.50000000e+01]
 [3.72000000e+02 3.96000000e+02 6.33362591e-01 1.60000000e+01]
 [4.51000000e+02 3.82000000e+02 7.78293908e-01 1.70000000e+01]]