[[3.73000000e+02 4.01000000e+02 9.26435947e-01 0.00000000e+00]
 [3.90000000e+02 4.36000000e+02 9.07710433e-01 1.00000000e+00]
 [3.09000000e+02 4.45000000e+02 9.60759521e-01 2.00000000e+00]
 [3.38000000e+02 5.82000000e+02 9.38933730e-01 3.00000000e+00]
 [3.95000000e+02 4.95000000e+02 9.05788004e-01 4.00000000e+00]
 [4.69000000e+02 4.29000000e+02 9.02760684e-01 5.00000000e+00]
 [5.04000000e+02 5.19000000e+02 9.24571931e-01 6.00000000e+00]
 [5.13000000e+02 6.14000000e+02 8.95251870e-01 7.00000000e+00]
 [3.25000000e+02 6.69000000e+02 8.21842432e-01 8.00000000e+00]
 [2.68000000e+02 8.19000000e+02 9.49093103e-01 9.00000000e+00]
 [2.34000000e+02 9.67000000e+02 9.13385093e-01 1.00000000e+01]
 [4.28000000e+02 6.59000000e+02 8.56679142e-01 1.10000000e+01]
 [4.76000000e+02 8.09000000e+02 9.59088027e-01 1.20000000e+01]
 [5.26000000e+02 9.60000000e+02 9.40569103e-01 1.30000000e+01]
 [3.59000000e+02 3.76000000e+02 9.13892508e-01 1.40000000e+01]
 [3.93000000e+02 3.73000000e+02 9.18695271e-01 1.50000000e+01]
 [3.29000000e+02 3.81000000e+02 4.43851441e-01 1.60000000e+01]
 [4.25000000e+02 3.63000000e+02 9.54830170e-01 1.70000000e+01]]