[[7.24000000e+02 5.18000000e+02 7.70802557e-01 0.00000000e+00]
 [7.11000000e+02 5.82000000e+02 9.05367613e-01 1.00000000e+00]
 [6.25000000e+02 5.85000000e+02 8.94057274e-01 2.00000000e+00]
 [5.62000000e+02 7.08000000e+02 8.38435650e-01 3.00000000e+00]
 [5.78000000e+02 8.08000000e+02 5.96983075e-01 4.00000000e+00]
 [7.98000000e+02 5.78000000e+02 9.08439398e-01 5.00000000e+00]
 [8.39000000e+02 7.07000000e+02 8.49409282e-01 6.00000000e+00]
 [8.05000000e+02 7.87000000e+02 7.61439204e-01 7.00000000e+00]
 [6.32000000e+02 8.36000000e+02 8.96610737e-01 8.00000000e+00]
 [5.90000000e+02 1.01400000e+03 9.14768100e-01 9.00000000e+00]
 [5.20000000e+02 1.21300000e+03 9.10658360e-01 1.00000000e+01]
 [7.67000000e+02 8.36000000e+02 8.83085847e-01 1.10000000e+01]
 [8.59000000e+02 1.01300000e+03 8.08226228e-01 1.20000000e+01]
 [9.21000000e+02 1.18000000e+03 7.28067398e-01 1.30000000e+01]
 [7.10000000e+02 4.96000000e+02 7.53944933e-01 1.40000000e+01]
 [7.39000000e+02 4.92000000e+02 7.42090404e-01 1.50000000e+01]
 [6.85000000e+02 4.92000000e+02 6.19177461e-01 1.60000000e+01]
 [7.59000000e+02 4.78000000e+02 5.47698259e-01 1.70000000e+01]]