[[3.36000000e+02 3.77000000e+02 8.42166603e-01 0.00000000e+00]
 [3.60000000e+02 4.32000000e+02 9.83277440e-01 1.00000000e+00]
 [2.76000000e+02 4.43000000e+02 8.78355086e-01 2.00000000e+00]
 [2.50000000e+02 5.59000000e+02 9.67616439e-01 3.00000000e+00]
 [2.65000000e+02 4.35000000e+02 7.85025299e-01 4.00000000e+00]
 [4.34000000e+02 4.20000000e+02 9.11889493e-01 5.00000000e+00]
 [5.00000000e+02 5.18000000e+02 9.65451121e-01 6.00000000e+00]
 [4.67000000e+02 5.97000000e+02 1.00876200e+00 7.00000000e+00]
 [3.09000000e+02 6.45000000e+02 8.95026863e-01 8.00000000e+00]
 [2.62000000e+02 7.91000000e+02 9.49716032e-01 9.00000000e+00]
 [2.39000000e+02 9.43000000e+02 9.41704452e-01 1.00000000e+01]
 [4.16000000e+02 6.38000000e+02 8.60291839e-01 1.10000000e+01]
 [4.63000000e+02 7.79000000e+02 9.36263919e-01 1.20000000e+01]
 [5.08000000e+02 9.40000000e+02 9.11570549e-01 1.30000000e+01]
 [3.18000000e+02 3.64000000e+02 8.76690328e-01 1.40000000e+01]
 [3.53000000e+02 3.63000000e+02 8.66006136e-01 1.50000000e+01]
 [2.96000000e+02 3.61000000e+02 3.78380597e-01 1.60000000e+01]
 [3.80000000e+02 3.56000000e+02 7.62328863e-01 1.70000000e+01]]