[[7.17000000e+02 4.90000000e+02 8.35699916e-01 0.00000000e+00]
 [6.65000000e+02 5.74000000e+02 8.92713249e-01 1.00000000e+00]
 [6.02000000e+02 5.66000000e+02 9.01113808e-01 2.00000000e+00]
 [6.46000000e+02 6.54000000e+02 7.78513670e-01 3.00000000e+00]
 [7.36000000e+02 5.42000000e+02 7.91908681e-01 4.00000000e+00]
 [7.38000000e+02 5.75000000e+02 8.68135870e-01 5.00000000e+00]
 [7.68000000e+02 7.06000000e+02 7.79506624e-01 6.00000000e+00]
 [7.73000000e+02 7.80000000e+02 7.48715281e-01 7.00000000e+00]
 [5.91000000e+02 8.43000000e+02 9.41767812e-01 8.00000000e+00]
 [5.38000000e+02 1.03500000e+03 9.50763226e-01 9.00000000e+00]
 [4.65000000e+02 1.20400000e+03 8.64610434e-01 1.00000000e+01]
 [7.01000000e+02 8.44000000e+02 9.25026119e-01 1.10000000e+01]
 [7.99000000e+02 1.01000000e+03 8.62348676e-01 1.20000000e+01]
 [8.22000000e+02 1.16700000e+03 7.07992792e-01 1.30000000e+01]
 [6.99000000e+02 4.71000000e+02 8.67549181e-01 1.40000000e+01]
 [7.16000000e+02 4.71000000e+02 6.72559679e-01 1.50000000e+01]
 [6.40000000e+02 4.71000000e+02 9.13128197e-01 1.60000000e+01]]