[[1.40000000e+01 2.61000000e+02 1.07229699e-03 0.00000000e+00]
 [8.65000000e+02 4.91000000e+02 1.21363101e-03 1.00000000e+00]
 [6.04000000e+02 5.16000000e+02 9.07155514e-01 2.00000000e+00]
 [2.92000000e+02 5.94000000e+02 1.19995198e-03 3.00000000e+00]
 [9.16000000e+02 6.54000000e+02 1.34901225e-03 4.00000000e+00]
 [5.26000000e+02 7.91000000e+02 2.52110045e-03 5.00000000e+00]
 [7.89000000e+02 7.93000000e+02 5.60434069e-03 6.00000000e+00]
 [8.65000000e+02 1.04300000e+03 7.12858373e-03 7.00000000e+00]
 [7.20000000e+02 1.04400000e+03 2.23698700e-03 8.00000000e+00]
 [5.57000000e+02 1.05300000e+03 1.09225453e-03 9.00000000e+00]
 [4.55000000e+02 1.21000000e+03 1.14833843e-03 1.00000000e+01]
 [3.84000000e+02 5.58000000e+02 5.91791468e-03 1.10000000e+01]
 [6.15000000e+02 5.83000000e+02 9.26698327e-01 1.20000000e+01]
 [8.61000000e+02 6.54000000e+02 4.28932952e-03 1.30000000e+01]
 [3.85000000e+02 6.68000000e+02 4.05833405e-03 1.40000000e+01]
 [8.56000000e+02 6.82000000e+02 4.12319088e-03 1.50000000e+01]
 [6.22000000e+02 8.76000000e+02 2.04646541e-03 1.60000000e+01]
 [5.38000000e+02 9.59000000e+02 2.71599507e-03 1.70000000e+01]
 [7.85000000e+02 9.91000000e+02 2.13065860e-03 1.80000000e+01]
 [7.76000000e+02 1.40000000e+01 1.47655047e-03 1.90000000e+01]
 [7.80000000e+02 3.75000000e+02 2.86970008e-03 2.00000000e+01]
 [8.69000000e+02 5.20000000e+02 2.08896003e-03 2.10000000e+01]
 [3.08000000e+02 5.71000000e+02 1.31023070e-02 2.20000000e+01]
 [5.21000000e+02 5.81000000e+02 9.23032105e-01 2.30000000e+01]
 [7.81000000e+02 6.16000000e+02 8.25281069e-03 2.40000000e+01]
 [4.35000000e+02 8.63000000e+02 3.41965328e-03 2.50000000e+01]
 [6.23000000e+02 8.74000000e+02 1.11724809e-03 2.60000000e+01]
 [5.30000000e+02 9.67000000e+02 2.32203398e-03 2.70000000e+01]
 [7.69000000e+02 9.77000000e+02 3.30932811e-03 2.80000000e+01]
 [7.87000000e+02 6.25000000e+02 3.00488668e-03 2.90000000e+01]
 [9.51000000e+02 6.40000000e+02 2.61419476e-03 3.00000000e+01]
 [4.64000000e+02 7.07000000e+02 8.97693932e-01 3.10000000e+01]
 [2.19000000e+02 7.27000000e+02 3.03327409e-03 3.20000000e+01]
 [6.95000000e+02 7.88000000e+02 1.23050548e-02 3.30000000e+01]
 [7.89000000e+02 9.60000000e+02 1.76543556e-03 3.40000000e+01]
 [8.71000000e+02 1.13100000e+03 1.93701824e-03 3.50000000e+01]
 [4.50000000e+02 1.21000000e+03 1.00996159e-03 3.60000000e+01]
 [1.40000000e+01 1.40000000e+01 1.43689266e-03 3.70000000e+01]
 [5.38000000e+02 3.83000000e+02 2.47173640e-03 3.80000000e+01]
 [7.84000000e+02 5.42000000e+02 1.47032202e-03 3.90000000e+01]
 [5.03000000e+02 6.88000000e+02 5.82591534e-01 4.00000000e+01]
 [9.60000000e+02 7.69000000e+02 1.57616427e-03 4.10000000e+01]
 [7.87000000e+02 8.59000000e+02 2.13369075e-03 4.20000000e+01]
 [5.40000000e+02 1.04000000e+03 2.61393213e-03 4.30000000e+01]
 [7.96000000e+02 1.15800000e+03 2.00130558e-03 4.40000000e+01]
 [6.13000000e+02 1.18800000e+03 4.17502783e-03 4.50000000e+01]
 [2.97000000e+02 1.22200000e+03 3.73015646e-03 4.60000000e+01]
 [4.18000000e+02 1.37800000e+03 1.61968870e-03 4.70000000e+01]
 [7.72000000e+02 1.40000000e+01 1.55338855e-03 4.80000000e+01]
 [8.71000000e+02 2.07000000e+02 1.03953574e-03 4.90000000e+01]
 [7.08000000e+02 5.73000000e+02 9.11271632e-01 5.00000000e+01]
 [4.67000000e+02 5.81000000e+02 1.11004049e-02 5.10000000e+01]
 [9.35000000e+02 5.92000000e+02 6.92508603e-03 5.20000000e+01]
 [3.04000000e+02 6.11000000e+02 1.62012037e-03 5.30000000e+01]
 [3.79000000e+02 6.23000000e+02 2.33501126e-03 5.40000000e+01]
 [4.68000000e+02 6.79000000e+02 1.19336750e-02 5.50000000e+01]
 [9.55000000e+02 7.14000000e+02 1.12736598e-03 5.60000000e+01]
 [9.75000000e+02 7.37000000e+02 1.37931190e-03 5.70000000e+01]
 [9.58000000e+02 8.72000000e+02 1.19228207e-03 5.80000000e+01]
 [7.82000000e+02 9.90000000e+02 3.26936808e-03 5.90000000e+01]
 [5.39000000e+02 1.02500000e+03 2.50204583e-03 6.00000000e+01]
 [6.25000000e+02 1.17900000e+03 1.03114499e-03 6.10000000e+01]
 [5.92000000e+02 4.34000000e+02 1.10381562e-03 6.20000000e+01]
 [7.68000000e+02 6.89000000e+02 8.50707769e-01 6.30000000e+01]
 [3.77000000e+02 7.93000000e+02 2.69511668e-03 6.40000000e+01]
 [7.88000000e+02 9.47000000e+02 6.00717543e-03 6.50000000e+01]
 [8.88000000e+02 1.13400000e+03 1.07311609e-03 6.60000000e+01]
 [8.87000000e+02 1.13500000e+03 1.07317092e-03 6.70000000e+01]
 [6.22000000e+02 1.18700000e+03 1.03667972e-03 6.80000000e+01]
 [4.57000000e+02 1.21100000e+03 2.57489015e-03 6.90000000e+01]
 [1.40000000e+01 1.40000000e+01 1.64798799e-03 7.00000000e+01]
 [1.40000000e+01 2.07000000e+02 1.02483400e-03 7.10000000e+01]
 [8.73000000e+02 4.57000000e+02 2.72238231e-03 7.20000000e+01]
 [4.69000000e+02 5.42000000e+02 6.12138119e-03 7.30000000e+01]
 [3.73000000e+02 7.84000000e+02 3.66764632e-03 7.40000000e+01]
 [7.53000000e+02 7.88000000e+02 8.33645523e-01 7.50000000e+01]
 [9.33000000e+02 1.03800000e+03 6.29835995e-03 7.60000000e+01]
 [9.55000000e+02 1.09900000e+03 6.58426667e-03 7.70000000e+01]
 [6.23000000e+02 1.12700000e+03 6.89197611e-03 7.80000000e+01]
 [1.06500000e+03 1.40000000e+01 1.48325495e-03 7.90000000e+01]
 [7.81000000e+02 6.41000000e+02 1.90886250e-03 8.00000000e+01]
 [3.01000000e+02 8.02000000e+02 3.10971984e-03 8.10000000e+01]
 [5.43000000e+02 8.40000000e+02 9.33707058e-01 8.20000000e+01]
 [7.79000000e+02 9.22000000e+02 1.43390419e-02 8.30000000e+01]
 [8.70000000e+02 1.12800000e+03 1.04788016e-03 8.40000000e+01]
 [4.56000000e+02 1.21000000e+03 1.08138297e-03 8.50000000e+01]
 [9.65000000e+02 1.40000000e+01 1.02590164e-03 8.60000000e+01]
 [7.88000000e+02 5.42000000e+02 2.17064982e-03 8.70000000e+01]
 [6.24000000e+02 5.46000000e+02 2.98162107e-03 8.80000000e+01]
 [6.23000000e+02 7.09000000e+02 2.04553502e-03 8.90000000e+01]
 [3.61000000e+02 7.45000000e+02 4.45869518e-03 9.00000000e+01]
 [3.60000000e+02 7.47000000e+02 4.45422810e-03 9.10000000e+01]
 [9.21000000e+02 9.62000000e+02 4.01582476e-03 9.20000000e+01]
 [5.19000000e+02 1.02000000e+03 8.80391002e-01 9.30000000e+01]
 [5.47000000e+02 1.28500000e+03 1.90015603e-03 9.40000000e+01]
 [4.46000000e+02 1.37900000e+03 1.06671639e-03 9.50000000e+01]
 [7.85000000e+02 5.41000000e+02 2.06859363e-03 9.60000000e+01]
 [6.23000000e+02 6.50000000e+02 5.28897252e-03 9.70000000e+01]
 [2.88000000e+02 6.67000000e+02 1.26936543e-03 9.80000000e+01]
 [4.55000000e+02 7.19000000e+02 4.72076377e-03 9.90000000e+01]
 [7.03000000e+02 8.02000000e+02 3.68712610e-03 1.00000000e+02]
 [9.57000000e+02 8.68000000e+02 1.29295746e-03 1.01000000e+02]
 [3.79000000e+02 8.81000000e+02 4.44863457e-03 1.02000000e+02]
 [6.49000000e+02 8.85000000e+02 4.31013852e-03 1.03000000e+02]
 [7.00000000e+02 1.05500000e+03 2.95956340e-02 1.04000000e+02]
 [9.56000000e+02 1.12900000e+03 7.08628679e-03 1.05000000e+02]
 [4.65000000e+02 1.20100000e+03 8.65111887e-01 1.06000000e+02]
 [2.17000000e+02 1.22000000e+03 2.41646264e-03 1.07000000e+02]
 [8.69000000e+02 1.29200000e+03 1.70313520e-03 1.08000000e+02]
 [8.70000000e+02 1.29300000e+03 1.70393719e-03 1.09000000e+02]
 [4.05000000e+02 1.44600000e+03 4.73457901e-03 1.10000000e+02]
 [4.09000000e+02 1.44700000e+03 4.75126458e-03 1.11000000e+02]
 [4.96000000e+02 1.44700000e+03 4.55280067e-03 1.12000000e+02]
 [4.88000000e+02 1.44800000e+03 4.60101059e-03 1.13000000e+02]
 [8.94000000e+02 6.09000000e+02 1.53116346e-03 1.14000000e+02]
 [3.75000000e+02 7.69000000e+02 4.86247661e-03 1.15000000e+02]
 [6.75000000e+02 8.34000000e+02 8.84176016e-01 1.16000000e+02]
 [9.49000000e+02 8.43000000e+02 1.47615885e-03 1.17000000e+02]
 [9.50000000e+02 8.47000000e+02 1.49250496e-03 1.18000000e+02]
 [4.75000000e+02 1.03100000e+03 1.18179619e-03 1.19000000e+02]
 [5.92000000e+02 1.12700000e+03 3.35453101e-03 1.20000000e+02]
 [7.97000000e+02 1.15700000e+03 1.57087855e-03 1.21000000e+02]
 [8.26000000e+02 1.19300000e+03 1.51056179e-03 1.22000000e+02]
 [8.33000000e+02 1.20000000e+03 1.51489419e-03 1.23000000e+02]
 [8.34000000e+02 1.20100000e+03 1.51470921e-03 1.24000000e+02]
 [8.35000000e+02 1.20200000e+03 1.51433342e-03 1.25000000e+02]
 [8.37000000e+02 1.20300000e+03 1.51407009e-03 1.26000000e+02]
 [1.40000000e+01 1.40000000e+01 1.48941402e-03 1.27000000e+02]
 [5.44000000e+02 5.75000000e+02 2.24777171e-03 1.28000000e+02]
 [7.06000000e+02 5.93000000e+02 3.61616560e-03 1.29000000e+02]
 [8.55000000e+02 6.34000000e+02 1.85986864e-03 1.30000000e+02]
 [8.57000000e+02 6.35000000e+02 1.85878854e-03 1.31000000e+02]
 [8.67000000e+02 6.45000000e+02 1.84114825e-03 1.32000000e+02]
 [8.68000000e+02 6.46000000e+02 1.84202276e-03 1.33000000e+02]
 [8.83000000e+02 6.81000000e+02 1.94885791e-03 1.34000000e+02]
 [4.54000000e+02 8.76000000e+02 1.84904388e-03 1.35000000e+02]
 [7.55000000e+02 9.92000000e+02 8.85056317e-01 1.36000000e+02]
 [9.33000000e+02 1.34900000e+03 2.16358434e-03 1.37000000e+02]
 [8.22000000e+02 1.37400000e+03 2.00783904e-03 1.38000000e+02]
 [1.40000000e+01 1.40000000e+01 1.19682518e-03 1.39000000e+02]
 [5.31000000e+02 4.59000000e+02 2.43999739e-03 1.40000000e+02]
 [6.47000000e+02 5.43000000e+02 2.87542632e-03 1.41000000e+02]
 [4.50000000e+02 6.58000000e+02 1.96625944e-03 1.42000000e+02]
 [7.61000000e+02 7.92000000e+02 4.55297995e-03 1.43000000e+02]
 [7.92000000e+02 1.13300000e+03 7.85234094e-01 1.44000000e+02]
 [1.01800000e+03 1.18500000e+03 4.97917412e-03 1.45000000e+02]
 [1.01700000e+03 1.18800000e+03 4.94602928e-03 1.46000000e+02]
 [5.84000000e+02 4.91000000e+02 8.63449395e-01 1.47000000e+02]
 [5.10000000e+02 7.91000000e+02 2.22582254e-03 1.48000000e+02]
 [7.89000000e+02 7.92000000e+02 1.46696181e-03 1.49000000e+02]
 [5.31000000e+02 8.58000000e+02 1.43811537e-03 1.50000000e+02]
 [4.57000000e+02 1.21000000e+03 1.18029993e-02 1.51000000e+02]
 [7.96000000e+02 1.29400000e+03 1.06302346e-03 1.52000000e+02]
 [6.37000000e+02 2.16000000e+02 1.26046734e-03 1.53000000e+02]
 [8.53000000e+02 4.63000000e+02 6.42994838e-03 1.54000000e+02]
 [3.86000000e+02 4.76000000e+02 6.99154288e-03 1.55000000e+02]
 [6.23000000e+02 4.88000000e+02 8.97894979e-01 1.56000000e+02]
 [3.52000000e+02 6.48000000e+02 1.99937355e-03 1.57000000e+02]
 [8.93000000e+02 6.56000000e+02 1.32710091e-03 1.58000000e+02]
 [4.24000000e+02 7.36000000e+02 1.33104506e-03 1.59000000e+02]
 [7.87000000e+02 7.93000000e+02 3.34456540e-03 1.60000000e+02]
 [7.01000000e+02 8.75000000e+02 2.29154201e-03 1.61000000e+02]
 [4.42000000e+02 9.42000000e+02 1.35171309e-03 1.62000000e+02]
 [2.98000000e+02 4.80000000e+02 1.70605653e-03 1.63000000e+02]
 [5.52000000e+02 4.95000000e+02 5.65138161e-01 1.64000000e+02]
 [7.57000000e+02 7.17000000e+02 2.32880353e-03 1.65000000e+02]
 [9.47000000e+02 8.68000000e+02 1.02967222e-03 1.66000000e+02]
 [7.10000000e+02 9.69000000e+02 3.38981836e-03 1.67000000e+02]
 [5.54000000e+02 1.21100000e+03 1.77443551e-03 1.68000000e+02]
 [6.54000000e+02 4.79000000e+02 7.55998015e-01 1.69000000e+02]
 [3.76000000e+02 5.26000000e+02 1.78534293e-03 1.70000000e+02]
 [3.79000000e+02 5.95000000e+02 1.77531061e-03 1.71000000e+02]
 [3.80000000e+02 5.98000000e+02 1.77058054e-03 1.72000000e+02]
 [3.91000000e+02 6.36000000e+02 1.60755590e-03 1.73000000e+02]
 [7.33000000e+02 9.89000000e+02 2.14633369e-03 1.74000000e+02]]