[[2.50000000e+02 4.60000000e+02 9.31605101e-01 0.00000000e+00]
 [3.09000000e+02 4.81000000e+02 1.02840388e+00 1.00000000e+00]
 [2.35000000e+02 5.05000000e+02 9.13457274e-01 2.00000000e+00]
 [2.35000000e+02 6.29000000e+02 1.00069499e+00 3.00000000e+00]
 [1.13000000e+02 6.69000000e+02 8.43478262e-01 4.00000000e+00]
 [0.00000000e+00 6.77000000e+02 2.93700457e-01 5.00000000e+00]
 [3.87000000e+02 4.64000000e+02 9.02963579e-01 6.00000000e+00]
 [4.99000000e+02 5.57000000e+02 9.03107405e-01 7.00000000e+00]
 [4.13000000e+02 6.34000000e+02 9.02980208e-01 8.00000000e+00]
 [3.22000000e+02 6.85000000e+02 8.52264404e-01 9.00000000e+00]
 [2.73000000e+02 8.11000000e+02 9.47574794e-01 1.00000000e+01]
 [2.50000000e+02 9.71000000e+02 9.47916389e-01 1.10000000e+01]
 [4.29000000e+02 6.60000000e+02 7.93906569e-01 1.20000000e+01]
 [4.85000000e+02 8.14000000e+02 9.42237794e-01 1.30000000e+01]
 [5.36000000e+02 9.67000000e+02 9.52037454e-01 1.40000000e+01]
 [2.31000000e+02 4.43000000e+02 8.42047572e-01 1.50000000e+01]
 [2.61000000e+02 4.32000000e+02 9.20503139e-01 1.60000000e+01]
 [3.04000000e+02 4.07000000e+02 9.02688861e-01 1.70000000e+01]]