[[8.08000000e+02 5.23000000e+02 7.29654610e-01 0.00000000e+00]
 [7.37000000e+02 5.61000000e+02 8.68655980e-01 1.00000000e+00]
 [6.80000000e+02 5.63000000e+02 8.86661887e-01 2.00000000e+00]
 [7.67000000e+02 6.35000000e+02 7.54263937e-01 3.00000000e+00]
 [8.62000000e+02 5.31000000e+02 7.84297287e-01 4.00000000e+00]
 [8.19000000e+02 5.58000000e+02 7.42827475e-01 5.00000000e+00]
 [6.56000000e+02 8.43000000e+02 9.12943721e-01 6.00000000e+00]
 [5.96000000e+02 1.02800000e+03 8.87020230e-01 7.00000000e+00]
 [5.28000000e+02 1.20900000e+03 8.81686747e-01 8.00000000e+00]
 [7.80000000e+02 8.34000000e+02 9.52813625e-01 9.00000000e+00]
 [8.67000000e+02 1.01900000e+03 7.88039148e-01 1.00000000e+01]
 [9.10000000e+02 1.15700000e+03 7.37139225e-01 1.10000000e+01]
 [7.88000000e+02 5.00000000e+02 6.82099104e-01 1.20000000e+01]
 [7.33000000e+02 4.80000000e+02 7.15720713e-01 1.30000000e+01]]