[[6.99000000e+02 5.25000000e+02 8.98781180e-01 0.00000000e+00]
 [7.09000000e+02 5.91000000e+02 9.34880435e-01 1.00000000e+00]
 [6.18000000e+02 5.94000000e+02 9.11817014e-01 2.00000000e+00]
 [5.59000000e+02 7.16000000e+02 8.38938773e-01 3.00000000e+00]
 [6.15000000e+02 6.24000000e+02 7.94027150e-01 4.00000000e+00]
 [7.99000000e+02 5.83000000e+02 8.93075883e-01 5.00000000e+00]
 [8.58000000e+02 7.03000000e+02 9.12908018e-01 6.00000000e+00]
 [8.40000000e+02 8.05000000e+02 8.98150921e-01 7.00000000e+00]
 [6.30000000e+02 8.42000000e+02 9.48471427e-01 8.00000000e+00]
 [5.72000000e+02 1.01800000e+03 8.36333215e-01 9.00000000e+00]
 [5.38000000e+02 1.19700000e+03 8.42602789e-01 1.00000000e+01]
 [7.68000000e+02 8.38000000e+02 8.47144783e-01 1.10000000e+01]
 [8.48000000e+02 9.85000000e+02 8.16355765e-01 1.20000000e+01]
 [8.94000000e+02 1.16300000e+03 7.99731374e-01 1.30000000e+01]
 [6.82000000e+02 5.03000000e+02 8.71715724e-01 1.40000000e+01]
 [7.16000000e+02 5.00000000e+02 9.01060343e-01 1.50000000e+01]
 [6.43000000e+02 5.00000000e+02 6.45536304e-01 1.60000000e+01]
 [7.51000000e+02 4.86000000e+02 7.35703349e-01 1.70000000e+01]]