[[4.15000000e+02 4.19000000e+02 9.06131864e-01 0.00000000e+00]
 [4.22000000e+02 4.69000000e+02 9.98539090e-01 1.00000000e+00]
 [3.56000000e+02 4.62000000e+02 9.50941741e-01 2.00000000e+00]
 [3.43000000e+02 5.78000000e+02 9.75737572e-01 3.00000000e+00]
 [4.15000000e+02 5.04000000e+02 9.13300097e-01 4.00000000e+00]
 [4.93000000e+02 4.73000000e+02 9.17642593e-01 5.00000000e+00]
 [5.21000000e+02 5.54000000e+02 8.76573622e-01 6.00000000e+00]
 [5.15000000e+02 6.23000000e+02 9.58628893e-01 7.00000000e+00]
 [3.50000000e+02 6.77000000e+02 8.84501398e-01 8.00000000e+00]
 [2.86000000e+02 8.12000000e+02 9.23582852e-01 9.00000000e+00]
 [2.47000000e+02 9.47000000e+02 8.99523020e-01 1.00000000e+01]
 [4.43000000e+02 6.82000000e+02 8.38150859e-01 1.10000000e+01]
 [4.88000000e+02 8.08000000e+02 9.43051755e-01 1.20000000e+01]
 [5.30000000e+02 9.45000000e+02 9.47016299e-01 1.30000000e+01]
 [4.01000000e+02 4.09000000e+02 9.14145231e-01 1.40000000e+01]
 [4.28000000e+02 4.09000000e+02 9.41195786e-01 1.50000000e+01]
 [3.77000000e+02 4.01000000e+02 4.91088271e-01 1.60000000e+01]
 [4.65000000e+02 3.97000000e+02 9.07700896e-01 1.70000000e+01]]