[[4.09000000e+02 3.96000000e+02 9.40069199e-01 0.00000000e+00]
 [4.21000000e+02 4.50000000e+02 9.74277735e-01 1.00000000e+00]
 [3.40000000e+02 4.56000000e+02 8.81995797e-01 2.00000000e+00]
 [3.12000000e+02 5.88000000e+02 9.86525595e-01 3.00000000e+00]
 [3.86000000e+02 5.21000000e+02 9.78469253e-01 4.00000000e+00]
 [5.02000000e+02 4.36000000e+02 8.76809955e-01 5.00000000e+00]
 [5.57000000e+02 5.25000000e+02 9.15570498e-01 6.00000000e+00]
 [5.47000000e+02 6.26000000e+02 9.89234686e-01 7.00000000e+00]
 [3.65000000e+02 6.88000000e+02 9.14391756e-01 8.00000000e+00]
 [3.02000000e+02 8.26000000e+02 9.47373092e-01 9.00000000e+00]
 [2.62000000e+02 9.83000000e+02 9.26247358e-01 1.00000000e+01]
 [4.78000000e+02 6.82000000e+02 8.53674710e-01 1.10000000e+01]
 [5.29000000e+02 8.25000000e+02 9.11754072e-01 1.20000000e+01]
 [5.81000000e+02 9.75000000e+02 9.37801063e-01 1.30000000e+01]
 [3.88000000e+02 3.74000000e+02 9.72312450e-01 1.40000000e+01]
 [4.25000000e+02 3.72000000e+02 9.58528817e-01 1.50000000e+01]
 [3.64000000e+02 3.72000000e+02 5.76276422e-01 1.60000000e+01]
 [4.64000000e+02 3.63000000e+02 1.00498176e+00 1.70000000e+01]]