[[4.01000000e+02 3.70000000e+02 9.16637838e-01 0.00000000e+00]
 [4.18000000e+02 4.45000000e+02 9.63150263e-01 1.00000000e+00]
 [3.42000000e+02 4.43000000e+02 9.16548312e-01 2.00000000e+00]
 [3.50000000e+02 5.70000000e+02 9.85743701e-01 3.00000000e+00]
 [4.21000000e+02 4.72000000e+02 9.37094212e-01 4.00000000e+00]
 [4.96000000e+02 4.44000000e+02 8.93943429e-01 5.00000000e+00]
 [5.22000000e+02 5.41000000e+02 8.16939414e-01 6.00000000e+00]
 [5.19000000e+02 6.12000000e+02 9.42424595e-01 7.00000000e+00]
 [3.51000000e+02 6.70000000e+02 8.89295995e-01 8.00000000e+00]
 [2.85000000e+02 8.20000000e+02 9.47489858e-01 9.00000000e+00]
 [2.48000000e+02 9.73000000e+02 9.41252470e-01 1.00000000e+01]
 [4.55000000e+02 6.71000000e+02 8.32979143e-01 1.10000000e+01]
 [5.02000000e+02 8.11000000e+02 9.22560573e-01 1.20000000e+01]
 [5.53000000e+02 9.64000000e+02 9.36518848e-01 1.30000000e+01]
 [3.79000000e+02 3.59000000e+02 9.60912824e-01 1.40000000e+01]
 [4.18000000e+02 3.56000000e+02 9.88340378e-01 1.50000000e+01]
 [3.60000000e+02 3.62000000e+02 5.61202586e-01 1.60000000e+01]
 [4.53000000e+02 3.52000000e+02 9.96916234e-01 1.70000000e+01]]