[[3.92000000e+02 4.77000000e+02 9.86361131e-03 0.00000000e+00]
 [8.62000000e+02 5.13000000e+02 3.22401104e-03 1.00000000e+00]
 [6.16000000e+02 5.16000000e+02 8.94378841e-01 2.00000000e+00]
 [2.93000000e+02 6.13000000e+02 1.31188962e-03 3.00000000e+00]
 [2.94000000e+02 6.15000000e+02 1.31033116e-03 4.00000000e+00]
 [9.58000000e+02 6.37000000e+02 1.67378935e-03 5.00000000e+00]
 [7.07000000e+02 7.88000000e+02 4.65932628e-03 6.00000000e+00]
 [5.50000000e+02 7.91000000e+02 1.28082919e-03 7.00000000e+00]
 [8.01000000e+02 1.04700000e+03 2.35861773e-03 8.00000000e+00]
 [4.37000000e+02 1.20800000e+03 1.85433729e-03 9.00000000e+00]
 [4.30000000e+02 3.51000000e+02 1.23179401e-03 1.00000000e+01]
 [3.82000000e+02 5.73000000e+02 3.78808822e-03 1.10000000e+01]
 [6.26000000e+02 5.94000000e+02 9.52172875e-01 1.20000000e+01]
 [8.58000000e+02 6.39000000e+02 5.58035634e-03 1.30000000e+01]
 [6.32000000e+02 8.74000000e+02 3.17961373e-03 1.40000000e+01]
 [7.88000000e+02 9.49000000e+02 2.16166279e-03 1.50000000e+01]
 [5.38000000e+02 9.60000000e+02 2.56454013e-03 1.60000000e+01]
 [7.83000000e+02 3.78000000e+02 2.20323773e-03 1.70000000e+01]
 [3.02000000e+02 5.68000000e+02 4.72746650e-03 1.80000000e+01]
 [5.37000000e+02 5.82000000e+02 9.83250618e-01 1.90000000e+01]
 [8.55000000e+02 6.12000000e+02 4.43880772e-03 2.00000000e+01]
 [7.77000000e+02 6.15000000e+02 2.07270831e-02 2.10000000e+01]
 [9.45000000e+02 6.15000000e+02 2.58858176e-03 2.20000000e+01]
 [3.50000000e+02 8.19000000e+02 1.72131241e-03 2.30000000e+01]
 [4.47000000e+02 8.77000000e+02 2.31088442e-03 2.40000000e+01]
 [5.33000000e+02 9.69000000e+02 2.17200746e-03 2.50000000e+01]
 [7.90000000e+02 9.87000000e+02 3.68408021e-03 2.60000000e+01]
 [1.07900000e+03 6.20000000e+02 2.28332193e-03 2.70000000e+01]
 [7.80000000e+02 6.30000000e+02 7.56103778e-03 2.80000000e+01]
 [9.56000000e+02 6.33000000e+02 4.57922183e-03 2.90000000e+01]
 [5.47000000e+02 6.97000000e+02 8.75481486e-01 3.00000000e+01]
 [3.00000000e+02 7.03000000e+02 5.33027155e-03 3.10000000e+01]
 [7.90000000e+02 9.60000000e+02 2.44038273e-03 3.20000000e+01]
 [8.72000000e+02 1.13400000e+03 1.42644823e-03 3.30000000e+01]
 [1.40000000e+01 1.40000000e+01 1.69002498e-03 3.40000000e+01]
 [3.53000000e+02 4.28000000e+02 1.25565566e-03 3.50000000e+01]
 [9.66000000e+02 6.18000000e+02 1.35659566e-03 3.60000000e+01]
 [6.24000000e+02 6.70000000e+02 5.67989528e-01 3.70000000e+01]
 [8.53000000e+02 7.09000000e+02 6.60098298e-03 3.80000000e+01]
 [3.05000000e+02 7.72000000e+02 1.58957380e-03 3.90000000e+01]
 [5.37000000e+02 1.03500000e+03 2.94749043e-03 4.00000000e+01]
 [7.96000000e+02 1.14300000e+03 2.83772475e-03 4.10000000e+01]
 [6.23000000e+02 1.17900000e+03 4.45967680e-03 4.20000000e+01]
 [3.03000000e+02 1.21800000e+03 2.34980532e-03 4.30000000e+01]
 [5.39000000e+02 1.33400000e+03 4.20088880e-03 4.40000000e+01]
 [3.76000000e+02 1.37700000e+03 3.85442679e-03 4.50000000e+01]
 [4.70000000e+02 5.41000000e+02 1.07541177e-02 4.60000000e+01]
 [7.15000000e+02 6.02000000e+02 9.10794139e-01 4.70000000e+01]
 [3.76000000e+02 6.47000000e+02 2.64411070e-03 4.80000000e+01]
 [3.75000000e+02 6.49000000e+02 2.63948878e-03 4.90000000e+01]
 [4.61000000e+02 7.76000000e+02 1.52326317e-03 5.00000000e+01]
 [7.99000000e+02 8.66000000e+02 7.42337340e-03 5.10000000e+01]
 [7.95000000e+02 9.53000000e+02 3.16660875e-03 5.20000000e+01]
 [5.36000000e+02 1.01200000e+03 2.38319929e-03 5.30000000e+01]
 [7.88000000e+02 1.02500000e+03 3.42134736e-03 5.40000000e+01]
 [7.99000000e+02 4.70000000e+02 5.44829713e-03 5.50000000e+01]
 [3.70000000e+02 5.33000000e+02 3.67393438e-03 5.60000000e+01]
 [7.37000000e+02 7.11000000e+02 7.50762701e-01 5.70000000e+01]
 [6.22000000e+02 1.04300000e+03 1.55322696e-03 5.80000000e+01]
 [4.57000000e+02 1.21300000e+03 2.00614822e-03 5.90000000e+01]
 [1.40000000e+01 1.40000000e+01 1.90130190e-03 6.00000000e+01]
 [5.95000000e+02 4.63000000e+02 1.30480248e-02 6.10000000e+01]
 [4.67000000e+02 5.39000000e+02 7.34960428e-03 6.20000000e+01]
 [7.35000000e+02 8.07000000e+02 7.56354153e-01 6.30000000e+01]
 [9.46000000e+02 1.02600000e+03 7.19811628e-03 6.40000000e+01]
 [6.28000000e+02 1.12500000e+03 6.22140104e-03 6.50000000e+01]
 [1.40000000e+01 1.40000000e+01 1.49720185e-03 6.60000000e+01]
 [1.06500000e+03 1.40000000e+01 1.97294471e-03 6.70000000e+01]
 [6.25000000e+02 5.44000000e+02 8.04403052e-03 6.80000000e+01]
 [2.99000000e+02 8.19000000e+02 1.35209935e-03 6.90000000e+01]
 [2.98000000e+02 8.23000000e+02 1.35425746e-03 7.00000000e+01]
 [5.59000000e+02 8.49000000e+02 9.54951286e-01 7.10000000e+01]
 [9.68000000e+02 1.40000000e+01 1.06883596e-03 7.20000000e+01]
 [1.06500000e+03 5.51000000e+02 1.40930153e-03 7.30000000e+01]
 [7.08000000e+02 6.29000000e+02 1.19870156e-02 7.40000000e+01]
 [3.92000000e+02 7.13000000e+02 2.53743422e-03 7.50000000e+01]
 [9.56000000e+02 8.87000000e+02 3.16490442e-03 7.60000000e+01]
 [5.18000000e+02 1.02200000e+03 8.62330377e-01 7.70000000e+01]
 [8.94000000e+02 1.04100000e+03 2.92102946e-03 7.80000000e+01]
 [5.42000000e+02 1.28400000e+03 2.64363992e-03 7.90000000e+01]
 [7.17000000e+02 6.08000000e+02 7.47817755e-03 8.00000000e+01]
 [4.53000000e+02 8.03000000e+02 5.14981197e-03 8.10000000e+01]
 [6.96000000e+02 8.10000000e+02 6.96751475e-03 8.20000000e+01]
 [9.58000000e+02 8.66000000e+02 1.12946308e-03 8.30000000e+01]
 [3.92000000e+02 8.79000000e+02 4.70959954e-03 8.40000000e+01]
 [6.92000000e+02 1.06400000e+03 2.75535490e-02 8.50000000e+01]
 [9.48000000e+02 1.14600000e+03 7.10908975e-03 8.60000000e+01]
 [7.81000000e+02 1.16800000e+03 2.56308392e-02 8.70000000e+01]
 [6.92000000e+02 1.19300000e+03 2.85464413e-02 8.80000000e+01]
 [4.58000000e+02 1.20700000e+03 8.69856238e-01 8.90000000e+01]
 [2.23000000e+02 1.25900000e+03 3.76479770e-03 9.00000000e+01]
 [2.24000000e+02 1.26300000e+03 3.79211456e-03 9.10000000e+01]
 [1.06500000e+03 1.90500000e+03 1.03060773e-03 9.20000000e+01]
 [1.40000000e+01 1.40000000e+01 1.73439225e-03 9.30000000e+01]
 [1.06500000e+03 1.40000000e+01 1.19943370e-03 9.40000000e+01]
 [7.21000000e+02 5.40000000e+02 4.37668245e-03 9.50000000e+01]
 [5.40000000e+02 5.49000000e+02 1.44337059e-03 9.60000000e+01]
 [5.23000000e+02 5.62000000e+02 1.38723850e-03 9.70000000e+01]
 [3.74000000e+02 7.85000000e+02 2.22555595e-03 9.80000000e+01]
 [9.46000000e+02 8.38000000e+02 2.55757407e-03 9.90000000e+01]
 [6.92000000e+02 8.46000000e+02 8.94193292e-01 1.00000000e+02]
 [4.74000000e+02 8.63000000e+02 1.68035869e-02 1.01000000e+02]
 [8.93000000e+02 1.07300000e+03 1.61198410e-03 1.02000000e+02]
 [6.14000000e+02 1.11900000e+03 3.47309303e-03 1.03000000e+02]
 [4.78000000e+02 1.12000000e+03 2.56497692e-03 1.04000000e+02]
 [8.49000000e+02 1.23800000e+03 1.97087298e-03 1.05000000e+02]
 [1.40000000e+01 1.40000000e+01 1.89224223e-03 1.06000000e+02]
 [5.47000000e+02 6.05000000e+02 7.24305678e-03 1.07000000e+02]
 [7.06000000e+02 6.09000000e+02 6.98370952e-03 1.08000000e+02]
 [7.74000000e+02 9.92000000e+02 9.00410652e-01 1.09000000e+02]
 [5.62000000e+02 1.00200000e+03 8.62980727e-03 1.10000000e+02]
 [1.02800000e+03 1.02600000e+03 2.25288724e-03 1.11000000e+02]
 [9.49000000e+02 1.34500000e+03 2.40482506e-03 1.12000000e+02]
 [9.48000000e+02 1.34600000e+03 2.40606745e-03 1.13000000e+02]
 [8.36000000e+02 1.40100000e+03 1.70033542e-03 1.14000000e+02]
 [8.35000000e+02 1.40200000e+03 1.69982761e-03 1.15000000e+02]
 [1.40000000e+01 1.40000000e+01 1.43641268e-03 1.16000000e+02]
 [7.68000000e+02 5.35000000e+02 2.20834347e-03 1.17000000e+02]
 [6.24000000e+02 5.83000000e+02 5.18343039e-03 1.18000000e+02]
 [4.55000000e+02 6.87000000e+02 1.20770244e-03 1.19000000e+02]
 [8.54000000e+02 7.99000000e+02 4.26134560e-03 1.20000000e+02]
 [7.11000000e+02 8.10000000e+02 8.87032319e-03 1.21000000e+02]
 [7.10000000e+02 8.11000000e+02 8.87387712e-03 1.22000000e+02]
 [5.54000000e+02 1.06400000e+03 1.98322884e-03 1.23000000e+02]
 [5.53000000e+02 1.07300000e+03 2.00417265e-03 1.24000000e+02]
 [5.52000000e+02 1.08200000e+03 2.03718175e-03 1.25000000e+02]
 [5.51000000e+02 1.09400000e+03 2.07496830e-03 1.26000000e+02]
 [5.50000000e+02 1.13500000e+03 2.14329269e-03 1.27000000e+02]
 [7.98000000e+02 1.16600000e+03 7.52314806e-01 1.28000000e+02]
 [6.03000000e+02 4.88000000e+02 8.53104651e-01 1.29000000e+02]
 [3.41000000e+02 6.59000000e+02 1.03024277e-03 1.30000000e+02]
 [8.12000000e+02 7.46000000e+02 1.04469969e-03 1.31000000e+02]
 [4.56000000e+02 1.21000000e+03 1.21740932e-02 1.32000000e+02]
 [7.87000000e+02 1.22100000e+03 1.94481306e-03 1.33000000e+02]
 [6.52000000e+02 2.16000000e+02 1.17459788e-03 1.34000000e+02]
 [3.83000000e+02 4.72000000e+02 4.09215735e-03 1.35000000e+02]
 [6.35000000e+02 4.89000000e+02 8.99801493e-01 1.36000000e+02]
 [8.97000000e+02 6.56000000e+02 1.62913825e-03 1.37000000e+02]
 [4.28000000e+02 7.35000000e+02 1.35457609e-03 1.38000000e+02]
 [8.13000000e+02 7.38000000e+02 1.17479742e-03 1.39000000e+02]
 [7.06000000e+02 7.89000000e+02 4.98755323e-03 1.40000000e+02]
 [4.46000000e+02 9.35000000e+02 1.33309024e-03 1.41000000e+02]
 [5.66000000e+02 4.96000000e+02 5.55474162e-01 1.42000000e+02]
 [2.91000000e+02 6.14000000e+02 1.22687081e-03 1.43000000e+02]
 [9.58000000e+02 6.35000000e+02 1.34782994e-03 1.44000000e+02]
 [8.00000000e+02 6.77000000e+02 2.34569958e-03 1.45000000e+02]
 [7.99000000e+02 6.79000000e+02 2.34635430e-03 1.46000000e+02]
 [7.88000000e+02 7.02000000e+02 2.40230327e-03 1.47000000e+02]
 [7.46000000e+02 9.64000000e+02 2.76904833e-03 1.48000000e+02]
 [7.99000000e+02 1.11000000e+03 1.66650163e-03 1.49000000e+02]
 [5.42000000e+02 1.21100000e+03 1.50131888e-03 1.50000000e+02]
 [3.75000000e+02 4.78000000e+02 2.15674494e-03 1.51000000e+02]
 [6.73000000e+02 4.86000000e+02 7.56593764e-01 1.52000000e+02]
 [9.64000000e+02 6.46000000e+02 1.06437155e-03 1.53000000e+02]
 [7.65000000e+02 9.68000000e+02 1.94626686e-03 1.54000000e+02]]