[[8.54000000e+02 4.87000000e+02 8.27311911e-03 0.00000000e+00]
 [3.82000000e+02 4.97000000e+02 4.50583128e-03 1.00000000e+00]
 [6.32000000e+02 5.20000000e+02 8.94220889e-01 2.00000000e+00]
 [2.92000000e+02 5.49000000e+02 1.22129510e-03 3.00000000e+00]
 [9.55000000e+02 6.31000000e+02 2.52589467e-03 4.00000000e+00]
 [4.26000000e+02 7.40000000e+02 1.18009700e-03 5.00000000e+00]
 [7.76000000e+02 7.91000000e+02 4.28271992e-03 6.00000000e+00]
 [5.50000000e+02 1.04900000e+03 1.92055479e-03 7.00000000e+00]
 [7.87000000e+02 1.04900000e+03 2.49109417e-03 8.00000000e+00]
 [4.56000000e+02 1.20800000e+03 1.05212675e-03 9.00000000e+00]
 [4.30000000e+02 3.51000000e+02 1.21831789e-03 1.00000000e+01]
 [3.80000000e+02 5.63000000e+02 2.26841378e-03 1.10000000e+01]
 [6.34000000e+02 5.84000000e+02 9.42410111e-01 1.20000000e+01]
 [8.57000000e+02 6.03000000e+02 7.44807068e-03 1.30000000e+01]
 [8.50000000e+02 6.73000000e+02 6.73571602e-03 1.40000000e+01]
 [3.84000000e+02 6.87000000e+02 1.37791166e-03 1.50000000e+01]
 [6.26000000e+02 8.75000000e+02 2.57928995e-03 1.60000000e+01]
 [7.82000000e+02 8.75000000e+02 1.16509805e-03 1.70000000e+01]
 [5.38000000e+02 9.60000000e+02 3.30494018e-03 1.80000000e+01]
 [7.80000000e+02 9.60000000e+02 1.64445839e-03 1.90000000e+01]
 [7.76000000e+02 3.86000000e+02 1.73089013e-03 2.00000000e+01]
 [8.67000000e+02 4.59000000e+02 2.04875972e-03 2.10000000e+01]
 [3.00000000e+02 5.49000000e+02 2.77546723e-03 2.20000000e+01]
 [5.47000000e+02 5.79000000e+02 9.69598591e-01 2.30000000e+01]
 [7.69000000e+02 6.15000000e+02 2.54205465e-02 2.40000000e+01]
 [8.62000000e+02 6.24000000e+02 4.07650368e-03 2.50000000e+01]
 [9.45000000e+02 6.25000000e+02 2.76743341e-03 2.60000000e+01]
 [3.53000000e+02 8.17000000e+02 1.64570019e-03 2.70000000e+01]
 [4.50000000e+02 8.78000000e+02 1.86754134e-03 2.80000000e+01]
 [5.31000000e+02 9.63000000e+02 2.35763844e-03 2.90000000e+01]
 [7.79000000e+02 9.63000000e+02 2.93516810e-03 3.00000000e+01]
 [5.38000000e+02 4.72000000e+02 7.68585224e-03 3.10000000e+01]
 [8.66000000e+02 7.01000000e+02 8.93759355e-03 3.20000000e+01]
 [5.76000000e+02 7.07000000e+02 8.36533725e-01 3.30000000e+01]
 [7.93000000e+02 9.61000000e+02 1.85807189e-03 3.40000000e+01]
 [7.94000000e+02 9.62000000e+02 1.85431971e-03 3.50000000e+01]
 [8.72000000e+02 1.14300000e+03 1.16958143e-03 3.60000000e+01]
 [1.40000000e+01 1.40000000e+01 1.58233801e-03 3.70000000e+01]
 [6.58000000e+02 7.30000000e+02 6.99404299e-01 3.80000000e+01]
 [9.44000000e+02 7.35000000e+02 2.51165312e-03 3.90000000e+01]
 [9.45000000e+02 7.38000000e+02 2.52542249e-03 4.00000000e+01]
 [3.79000000e+02 7.41000000e+02 4.71748272e-03 4.10000000e+01]
 [5.63000000e+02 1.03800000e+03 1.98540627e-03 4.20000000e+01]
 [5.67000000e+02 1.03900000e+03 1.99399889e-03 4.30000000e+01]
 [7.89000000e+02 1.14900000e+03 2.89081596e-03 4.40000000e+01]
 [6.23000000e+02 1.20600000e+03 5.31247770e-03 4.50000000e+01]
 [3.43000000e+02 1.21200000e+03 1.46252685e-03 4.60000000e+01]
 [4.58000000e+02 1.37100000e+03 1.66908593e-03 4.70000000e+01]
 [3.80000000e+02 4.78000000e+02 2.39138841e-03 4.80000000e+01]
 [4.68000000e+02 4.93000000e+02 4.57638083e-03 4.90000000e+01]
 [7.19000000e+02 5.88000000e+02 9.05279577e-01 5.00000000e+01]
 [3.78000000e+02 6.04000000e+02 2.47701094e-03 5.10000000e+01]
 [4.65000000e+02 6.06000000e+02 5.77373756e-03 5.20000000e+01]
 [7.88000000e+02 9.69000000e+02 2.32568174e-03 5.30000000e+01]
 [5.39000000e+02 1.02200000e+03 3.09884874e-03 5.40000000e+01]
 [6.29000000e+02 1.15300000e+03 1.09517563e-03 5.50000000e+01]
 [6.30000000e+02 1.15400000e+03 1.09601556e-03 5.60000000e+01]
 [7.64000000e+02 4.72000000e+02 7.03823613e-03 5.70000000e+01]
 [3.71000000e+02 5.25000000e+02 4.86910576e-03 5.80000000e+01]
 [7.46000000e+02 6.96000000e+02 7.84139931e-01 5.90000000e+01]
 [6.21000000e+02 1.06200000e+03 1.50556525e-03 6.00000000e+01]
 [4.56000000e+02 1.21000000e+03 1.13361957e-03 6.10000000e+01]
 [1.40000000e+01 1.40000000e+01 1.75648078e-03 6.20000000e+01]
 [6.22000000e+02 3.88000000e+02 2.57665361e-03 6.30000000e+01]
 [6.88000000e+02 4.68000000e+02 3.94497626e-03 6.40000000e+01]
 [3.67000000e+02 4.87000000e+02 1.47891429e-03 6.50000000e+01]
 [4.67000000e+02 7.24000000e+02 5.91074210e-03 6.60000000e+01]
 [7.56000000e+02 7.85000000e+02 8.69717777e-01 6.70000000e+01]
 [9.54000000e+02 1.02300000e+03 6.52816053e-03 6.80000000e+01]
 [7.90000000e+02 1.03300000e+03 2.44497112e-03 6.90000000e+01]
 [6.22000000e+02 1.04300000e+03 2.13971129e-03 7.00000000e+01]
 [6.52000000e+02 1.12300000e+03 2.53333477e-03 7.10000000e+01]
 [1.06500000e+03 1.40000000e+01 1.60011428e-03 7.20000000e+01]
 [7.33000000e+02 6.07000000e+02 4.31115180e-03 7.30000000e+01]
 [3.00000000e+02 8.14000000e+02 2.04821932e-03 7.40000000e+01]
 [5.51000000e+02 8.50000000e+02 9.57705498e-01 7.50000000e+01]
 [8.82000000e+02 1.12900000e+03 1.03463908e-03 7.60000000e+01]
 [7.14000000e+02 5.94000000e+02 8.09187535e-03 7.70000000e+01]
 [7.13000000e+02 5.95000000e+02 8.08876660e-03 7.80000000e+01]
 [3.94000000e+02 7.14000000e+02 2.71050772e-03 7.90000000e+01]
 [9.55000000e+02 9.58000000e+02 4.09473898e-03 8.00000000e+01]
 [5.25000000e+02 1.02500000e+03 8.61151159e-01 8.10000000e+01]
 [4.48000000e+02 1.37700000e+03 1.26308773e-03 8.20000000e+01]
 [1.06500000e+03 1.90500000e+03 1.33005308e-03 8.30000000e+01]
 [7.12000000e+02 5.54000000e+02 8.78054276e-03 8.40000000e+01]
 [6.39000000e+02 7.26000000e+02 3.33559490e-03 8.50000000e+01]
 [6.40000000e+02 7.27000000e+02 3.33751435e-03 8.60000000e+01]
 [6.41000000e+02 7.28000000e+02 3.33892670e-03 8.70000000e+01]
 [6.42000000e+02 7.29000000e+02 3.33936373e-03 8.80000000e+01]
 [6.96000000e+02 7.87000000e+02 4.44625411e-03 8.90000000e+01]
 [3.93000000e+02 8.78000000e+02 2.98717478e-03 9.00000000e+01]
 [6.23000000e+02 8.78000000e+02 2.92937038e-03 9.10000000e+01]
 [9.60000000e+02 9.05000000e+02 1.41026732e-03 9.20000000e+01]
 [9.61000000e+02 9.06000000e+02 1.41082704e-03 9.30000000e+01]
 [9.53000000e+02 1.13800000e+03 6.22046692e-03 9.40000000e+01]
 [7.80000000e+02 1.15700000e+03 2.57728081e-02 9.50000000e+01]
 [4.67000000e+02 1.18800000e+03 8.20161045e-01 9.60000000e+01]
 [1.07900000e+03 1.21000000e+03 2.48267944e-03 9.70000000e+01]
 [2.19000000e+02 1.25100000e+03 2.25038710e-03 9.80000000e+01]
 [2.20000000e+02 1.25600000e+03 2.21828837e-03 9.90000000e+01]
 [3.82000000e+02 1.44100000e+03 4.43264283e-03 1.00000000e+02]
 [3.83000000e+02 1.44200000e+03 4.44091531e-03 1.01000000e+02]
 [5.30000000e+02 1.44600000e+03 3.89816356e-03 1.02000000e+02]
 [1.06500000e+03 1.90500000e+03 1.46966998e-03 1.03000000e+02]
 [7.17000000e+02 5.39000000e+02 3.88665916e-03 1.04000000e+02]
 [5.39000000e+02 5.44000000e+02 2.00930447e-03 1.05000000e+02]
 [8.92000000e+02 6.08000000e+02 1.91207335e-03 1.06000000e+02]
 [3.74000000e+02 7.12000000e+02 1.97951565e-03 1.07000000e+02]
 [9.47000000e+02 8.23000000e+02 1.77852542e-03 1.08000000e+02]
 [6.83000000e+02 8.49000000e+02 9.11185861e-01 1.09000000e+02]
 [5.91000000e+02 1.12300000e+03 3.57047655e-03 1.10000000e+02]
 [6.41000000e+02 1.20000000e+03 1.20555505e-03 1.11000000e+02]
 [8.58000000e+02 1.23600000e+03 1.75762968e-03 1.12000000e+02]
 [1.40000000e+01 1.40000000e+01 1.26315048e-03 1.13000000e+02]
 [7.11000000e+02 5.51000000e+02 1.06712785e-02 1.14000000e+02]
 [5.40000000e+02 5.74000000e+02 3.04099917e-03 1.15000000e+02]
 [5.41000000e+02 5.75000000e+02 3.04147461e-03 1.16000000e+02]
 [6.25000000e+02 7.01000000e+02 3.67874140e-03 1.17000000e+02]
 [8.61000000e+02 7.12000000e+02 2.21782923e-03 1.18000000e+02]
 [7.69000000e+02 1.00800000e+03 8.97833645e-01 1.19000000e+02]
 [1.02800000e+03 1.02900000e+03 2.45523592e-03 1.20000000e+02]
 [1.06500000e+03 1.15100000e+03 1.04161014e-03 1.21000000e+02]
 [9.77000000e+02 1.25500000e+03 1.47363602e-03 1.22000000e+02]
 [9.36000000e+02 1.37700000e+03 2.75053317e-03 1.23000000e+02]
 [8.21000000e+02 1.39500000e+03 2.21470045e-03 1.24000000e+02]
 [1.06500000e+03 1.90500000e+03 1.36251422e-03 1.25000000e+02]
 [1.40000000e+01 1.40000000e+01 1.02447183e-03 1.26000000e+02]
 [6.99000000e+02 5.42000000e+02 6.15181495e-03 1.27000000e+02]
 [4.57000000e+02 7.26000000e+02 1.73406675e-03 1.28000000e+02]
 [7.25000000e+02 8.05000000e+02 8.15556850e-03 1.29000000e+02]
 [5.40000000e+02 8.67000000e+02 2.83190981e-03 1.30000000e+02]
 [7.28000000e+02 8.77000000e+02 7.02807587e-03 1.31000000e+02]
 [8.32000000e+02 8.81000000e+02 6.60572387e-03 1.32000000e+02]
 [5.51000000e+02 1.12300000e+03 3.31050507e-03 1.33000000e+02]
 [8.12000000e+02 1.15200000e+03 7.16905832e-01 1.34000000e+02]
 [1.06500000e+03 1.90500000e+03 1.15902291e-03 1.35000000e+02]
 [8.62000000e+02 4.59000000e+02 3.96339083e-03 1.36000000e+02]
 [6.16000000e+02 4.91000000e+02 8.82277071e-01 1.37000000e+02]
 [9.55000000e+02 6.30000000e+02 1.59800670e-03 1.38000000e+02]
 [4.26000000e+02 7.43000000e+02 1.40252488e-03 1.39000000e+02]
 [8.05000000e+02 7.44000000e+02 2.36275815e-03 1.40000000e+02]
 [4.50000000e+02 8.15000000e+02 1.11429894e-03 1.41000000e+02]
 [8.72000000e+02 1.12600000e+03 2.60084192e-03 1.42000000e+02]
 [4.56000000e+02 1.20800000e+03 9.95458663e-03 1.43000000e+02]
 [7.06000000e+02 1.21700000e+03 1.25100953e-03 1.44000000e+02]
 [8.12000000e+02 1.29900000e+03 1.23196002e-03 1.45000000e+02]
 [6.54000000e+02 4.92000000e+02 8.93533230e-01 1.46000000e+02]
 [3.80000000e+02 5.00000000e+02 1.42848771e-03 1.47000000e+02]
 [9.53000000e+02 6.27000000e+02 1.60362199e-03 1.48000000e+02]
 [9.52000000e+02 6.28000000e+02 1.60256959e-03 1.49000000e+02]
 [9.06000000e+02 6.57000000e+02 1.74072536e-03 1.50000000e+02]
 [7.50000000e+02 7.89000000e+02 2.93252966e-03 1.51000000e+02]
 [6.46000000e+02 7.93000000e+02 3.18447035e-03 1.52000000e+02]
 [4.46000000e+02 9.45000000e+02 1.48496940e-03 1.53000000e+02]
 [5.88000000e+02 4.95000000e+02 6.12260520e-01 1.54000000e+02]
 [9.53000000e+02 6.35000000e+02 1.71861809e-03 1.55000000e+02]
 [8.00000000e+02 6.78000000e+02 2.17208639e-03 1.56000000e+02]
 [7.88000000e+02 7.07000000e+02 2.31194985e-03 1.57000000e+02]
 [7.97000000e+02 7.32000000e+02 2.32132734e-03 1.58000000e+02]
 [7.18000000e+02 9.63000000e+02 3.00861266e-03 1.59000000e+02]
 [7.91000000e+02 1.11700000e+03 1.80479325e-03 1.60000000e+02]
 [3.75000000e+02 4.83000000e+02 1.71073491e-03 1.61000000e+02]
 [6.92000000e+02 4.85000000e+02 7.69797087e-01 1.62000000e+02]
 [9.47000000e+02 4.86000000e+02 1.39003305e-03 1.63000000e+02]
 [9.52000000e+02 6.21000000e+02 1.32055930e-03 1.64000000e+02]
 [7.37000000e+02 9.68000000e+02 1.89736136e-03 1.65000000e+02]
 [7.95000000e+02 1.10700000e+03 1.34384888e-03 1.66000000e+02]]