[[4.00000000e+02 3.93000000e+02 8.54525506e-01 0.00000000e+00]
 [3.83000000e+02 4.38000000e+02 9.50839758e-01 1.00000000e+00]
 [3.07000000e+02 4.45000000e+02 9.52324390e-01 2.00000000e+00]
 [3.15000000e+02 5.69000000e+02 1.01605010e+00 3.00000000e+00]
 [3.75000000e+02 4.76000000e+02 8.50706935e-01 4.00000000e+00]
 [4.61000000e+02 4.38000000e+02 9.23857808e-01 5.00000000e+00]
 [4.90000000e+02 5.67000000e+02 1.01829588e+00 6.00000000e+00]
 [4.42000000e+02 4.82000000e+02 1.02683079e+00 7.00000000e+00]
 [4.43000000e+02 4.83000000e+02 1.02640867e+00 8.00000000e+00]
 [3.28000000e+02 6.59000000e+02 8.07314873e-01 9.00000000e+00]
 [2.65000000e+02 8.09000000e+02 9.48558092e-01 1.00000000e+01]
 [2.30000000e+02 9.70000000e+02 9.36484098e-01 1.10000000e+01]
 [4.27000000e+02 6.59000000e+02 8.50342572e-01 1.20000000e+01]
 [4.77000000e+02 8.10000000e+02 9.31517601e-01 1.30000000e+01]
 [5.24000000e+02 9.62000000e+02 9.41439569e-01 1.40000000e+01]
 [3.81000000e+02 3.71000000e+02 9.17196810e-01 1.50000000e+01]
 [4.18000000e+02 3.70000000e+02 9.29105937e-01 1.60000000e+01]
 [3.50000000e+02 3.66000000e+02 9.04787540e-01 1.70000000e+01]
 [4.36000000e+02 3.60000000e+02 6.27452254e-01 1.80000000e+01]]