[[1.40000000e+01 1.71000000e+02 1.02059904e-03 0.00000000e+00]
 [4.59000000e+02 4.64000000e+02 1.49878080e-03 1.00000000e+00]
 [7.57000000e+02 5.25000000e+02 9.21357870e-01 2.00000000e+00]
 [3.75000000e+02 5.39000000e+02 1.29090343e-03 3.00000000e+00]
 [1.03200000e+03 5.46000000e+02 1.28643273e-03 4.00000000e+00]
 [9.85000000e+02 7.31000000e+02 1.51631702e-03 5.00000000e+00]
 [5.30000000e+02 7.82000000e+02 2.21226271e-03 6.00000000e+00]
 [4.44000000e+02 9.47000000e+02 1.09386537e-03 7.00000000e+00]
 [5.56000000e+02 1.05400000e+03 1.51175261e-03 8.00000000e+00]
 [7.86000000e+02 1.09600000e+03 2.00004573e-03 9.00000000e+00]
 [4.58000000e+02 1.20200000e+03 1.56527478e-03 1.00000000e+01]
 [6.89000000e+02 5.93000000e+02 9.20687675e-01 1.10000000e+01]
 [9.51000000e+02 6.05000000e+02 1.62420340e-03 1.20000000e+01]
 [6.28000000e+02 8.73000000e+02 4.47516050e-03 1.30000000e+01]
 [5.43000000e+02 9.40000000e+02 2.75424356e-03 1.40000000e+01]
 [5.42000000e+02 9.41000000e+02 2.75536370e-03 1.50000000e+01]
 [7.98000000e+02 9.70000000e+02 2.27904622e-03 1.60000000e+01]
 [8.03000000e+02 1.16000000e+02 1.04422960e-03 1.70000000e+01]
 [8.22000000e+02 3.55000000e+02 1.08333584e-03 1.80000000e+01]
 [3.89000000e+02 5.46000000e+02 6.36592926e-03 1.90000000e+01]
 [6.22000000e+02 5.73000000e+02 9.47820187e-01 2.00000000e+01]
 [9.50000000e+02 6.22000000e+02 5.57948742e-03 2.10000000e+01]
 [8.58000000e+02 6.24000000e+02 1.26079973e-02 2.20000000e+01]
 [5.47000000e+02 8.77000000e+02 3.82401887e-03 2.30000000e+01]
 [3.75000000e+02 9.47000000e+02 1.03134487e-03 2.40000000e+01]
 [8.08000000e+02 9.59000000e+02 3.12493183e-03 2.50000000e+01]
 [7.04000000e+02 1.05000000e+03 2.07495014e-03 2.60000000e+01]
 [7.06000000e+02 3.86000000e+02 2.35498697e-03 2.70000000e+01]
 [9.48000000e+02 6.66000000e+02 2.90018297e-03 2.80000000e+01]
 [6.70000000e+02 6.84000000e+02 6.66713238e-01 2.90000000e+01]
 [3.86000000e+02 7.79000000e+02 2.86845630e-03 3.00000000e+01]
 [3.87000000e+02 7.81000000e+02 2.85824412e-03 3.10000000e+01]
 [3.65000000e+02 8.85000000e+02 1.40916149e-03 3.20000000e+01]
 [5.50000000e+02 1.04300000e+03 1.30033121e-03 3.30000000e+01]
 [7.00000000e+02 1.04400000e+03 2.46242131e-03 3.40000000e+01]
 [3.73000000e+02 1.21100000e+03 1.40078017e-03 3.50000000e+01]
 [8.29000000e+02 1.22000000e+03 1.92528917e-03 3.60000000e+01]
 [9.72000000e+02 4.39000000e+02 1.03961583e-03 3.70000000e+01]
 [7.17000000e+02 5.74000000e+02 3.88595730e-01 3.80000000e+01]
 [5.60000000e+02 8.42000000e+02 1.08387768e-01 3.90000000e+01]
 [5.61000000e+02 8.43000000e+02 1.08394496e-01 4.00000000e+01]
 [6.16000000e+02 1.02900000e+03 4.43799980e-03 4.10000000e+01]
 [3.53000000e+02 1.19900000e+03 1.44821068e-03 4.20000000e+01]
 [6.23000000e+02 1.20800000e+03 6.11536298e-03 4.30000000e+01]
 [8.04000000e+02 1.21700000e+03 2.55393633e-03 4.40000000e+01]
 [5.29000000e+02 1.34500000e+03 1.58986007e-03 4.50000000e+01]
 [8.05000000e+02 1.15000000e+02 1.24173192e-03 4.60000000e+01]
 [3.72000000e+02 5.40000000e+02 1.52023800e-03 4.70000000e+01]
 [7.58000000e+02 6.05000000e+02 8.94084632e-01 4.80000000e+01]
 [8.72000000e+02 8.68000000e+02 7.20896199e-03 4.90000000e+01]
 [6.23000000e+02 8.74000000e+02 1.95884728e-03 5.00000000e+01]
 [8.23000000e+02 9.56000000e+02 2.07874877e-03 5.10000000e+01]
 [5.39000000e+02 1.03000000e+03 1.75114372e-03 5.20000000e+01]
 [8.71000000e+02 1.03400000e+03 1.68547232e-03 5.30000000e+01]
 [6.34000000e+02 1.21000000e+03 1.26715924e-03 5.40000000e+01]
 [7.31000000e+02 4.66000000e+02 8.21508467e-03 5.50000000e+01]
 [7.53000000e+02 7.19000000e+02 8.35839570e-01 5.60000000e+01]
 [8.75000000e+02 1.03400000e+03 1.28615089e-03 5.70000000e+01]
 [6.87000000e+02 1.04200000e+03 3.91231896e-03 5.80000000e+01]
 [8.90000000e+02 1.23400000e+03 1.11577497e-03 5.90000000e+01]
 [1.40000000e+01 1.40000000e+01 1.26706017e-03 6.00000000e+01]
 [7.14000000e+02 4.56000000e+02 1.58032179e-02 6.10000000e+01]
 [7.15000000e+02 4.57000000e+02 1.58153102e-02 6.20000000e+01]
 [7.43000000e+02 4.71000000e+02 1.55656459e-02 6.30000000e+01]
 [9.66000000e+02 5.14000000e+02 1.07299560e-03 6.40000000e+01]
 [7.86000000e+02 5.51000000e+02 2.67729312e-02 6.50000000e+01]
 [6.39000000e+02 5.58000000e+02 3.61381774e-03 6.60000000e+01]
 [4.68000000e+02 7.19000000e+02 4.44142194e-03 6.70000000e+01]
 [7.69000000e+02 8.34000000e+02 8.81577432e-01 6.80000000e+01]
 [4.59000000e+02 8.57000000e+02 2.79750535e-03 6.90000000e+01]
 [5.93000000e+02 1.07600000e+03 1.09340029e-03 7.00000000e+01]
 [9.56000000e+02 1.11700000e+03 5.43997064e-03 7.10000000e+01]
 [6.98000000e+02 1.12400000e+03 4.36315406e-03 7.20000000e+01]
 [6.21000000e+02 4.61000000e+02 2.44121486e-03 7.30000000e+01]
 [7.98000000e+02 5.43000000e+02 4.08677105e-03 7.40000000e+01]
 [5.82000000e+02 8.61000000e+02 9.52097237e-01 7.50000000e+01]
 [6.94000000e+02 1.12100000e+03 1.31662225e-03 7.60000000e+01]
 [6.24000000e+02 1.21100000e+03 1.29603466e-03 7.70000000e+01]
 [7.81000000e+02 5.42000000e+02 5.87755302e-03 7.80000000e+01]
 [1.06500000e+03 6.35000000e+02 1.04344403e-03 7.90000000e+01]
 [5.05000000e+02 7.12000000e+02 2.88433093e-03 8.00000000e+01]
 [9.55000000e+02 8.78000000e+02 7.59644900e-03 8.10000000e+01]
 [1.06500000e+03 1.02300000e+03 4.19942429e-03 8.20000000e+01]
 [9.98000000e+02 1.03600000e+03 4.09171358e-03 8.30000000e+01]
 [5.35000000e+02 1.04300000e+03 8.54710877e-01 8.40000000e+01]
 [7.79000000e+02 1.10300000e+03 6.59007719e-03 8.50000000e+01]
 [3.09000000e+02 1.10800000e+03 5.47583774e-03 8.60000000e+01]
 [3.10000000e+02 1.10900000e+03 5.44848386e-03 8.70000000e+01]
 [9.69000000e+02 1.21400000e+03 1.07383099e-03 8.80000000e+01]
 [1.06500000e+03 1.90500000e+03 1.06562849e-03 8.90000000e+01]
 [5.50000000e+02 5.42000000e+02 4.66091232e-03 9.00000000e+01]
 [8.32000000e+02 5.44000000e+02 6.09658379e-03 9.10000000e+01]
 [7.15000000e+02 7.81000000e+02 9.18952655e-03 9.20000000e+01]
 [5.08000000e+02 7.95000000e+02 8.36926978e-03 9.30000000e+01]
 [5.07000000e+02 7.96000000e+02 8.36564973e-03 9.40000000e+01]
 [4.51000000e+02 8.75000000e+02 6.56402437e-03 9.50000000e+01]
 [9.75000000e+02 1.03200000e+03 1.16427417e-03 9.60000000e+01]
 [4.66000000e+02 1.19700000e+03 8.07604730e-01 9.70000000e+01]
 [1.07900000e+03 1.19800000e+03 2.36589159e-03 9.80000000e+01]
 [7.73000000e+02 1.19900000e+03 1.95871182e-02 9.90000000e+01]
 [9.70000000e+02 1.21600000e+03 2.90620863e-03 1.00000000e+02]
 [1.06500000e+03 1.90500000e+03 1.23053882e-03 1.01000000e+02]
 [6.33000000e+02 4.83000000e+02 3.19226109e-03 1.02000000e+02]
 [7.92000000e+02 5.39000000e+02 5.56710362e-03 1.03000000e+02]
 [8.53000000e+02 6.25000000e+02 3.14383465e-03 1.04000000e+02]
 [6.53000000e+02 6.42000000e+02 7.02595385e-03 1.05000000e+02]
 [3.72000000e+02 8.02000000e+02 2.96913832e-03 1.06000000e+02]
 [9.46000000e+02 8.62000000e+02 3.07037332e-03 1.07000000e+02]
 [6.96000000e+02 8.65000000e+02 9.14552152e-01 1.08000000e+02]
 [4.68000000e+02 8.69000000e+02 6.22412842e-03 1.09000000e+02]
 [8.97000000e+02 1.06700000e+03 1.45953463e-03 1.10000000e+02]
 [5.92000000e+02 1.11200000e+03 4.47419938e-03 1.11000000e+02]
 [6.74000000e+02 1.11700000e+03 4.93927347e-03 1.12000000e+02]
 [6.25000000e+02 1.20800000e+03 1.92752690e-03 1.13000000e+02]
 [8.70000000e+02 1.25300000e+03 1.87820347e-03 1.14000000e+02]
 [8.57000000e+02 1.27600000e+03 1.86747825e-03 1.15000000e+02]
 [8.41000000e+02 1.30100000e+03 1.89073244e-03 1.16000000e+02]
 [1.40000000e+01 1.40000000e+01 1.37482176e-03 1.17000000e+02]
 [7.79000000e+02 5.24000000e+02 3.52556817e-03 1.18000000e+02]
 [7.78000000e+02 5.25000000e+02 3.52444616e-03 1.19000000e+02]
 [6.30000000e+02 5.54000000e+02 6.44268841e-03 1.20000000e+02]
 [5.39000000e+02 7.92000000e+02 1.43777591e-03 1.21000000e+02]
 [8.10000000e+02 1.02400000e+03 8.89925599e-01 1.22000000e+02]
 [5.49000000e+02 1.04400000e+03 1.59382145e-03 1.23000000e+02]
 [8.17000000e+02 1.28400000e+03 4.91643045e-03 1.24000000e+02]
 [8.85000000e+02 1.46600000e+03 2.14367779e-03 1.25000000e+02]
 [1.06500000e+03 1.90500000e+03 1.15263031e-03 1.26000000e+02]
 [1.40000000e+01 1.40000000e+01 1.00560766e-03 1.27000000e+02]
 [6.87000000e+02 5.37000000e+02 4.39641112e-03 1.28000000e+02]
 [5.41000000e+02 6.99000000e+02 1.72981946e-03 1.29000000e+02]
 [7.95000000e+02 7.94000000e+02 5.65731339e-03 1.30000000e+02]
 [6.95000000e+02 8.80000000e+02 6.61970722e-03 1.31000000e+02]
 [8.66000000e+02 8.88000000e+02 2.51374720e-03 1.32000000e+02]
 [8.67000000e+02 8.89000000e+02 2.50740442e-03 1.33000000e+02]
 [1.06500000e+03 1.01700000e+03 1.31273724e-03 1.34000000e+02]
 [5.56000000e+02 1.12300000e+03 1.34733850e-02 1.35000000e+02]
 [4.74000000e+02 1.12500000e+03 6.87386235e-03 1.36000000e+02]
 [8.02000000e+02 1.21400000e+03 6.69877708e-01 1.37000000e+02]
 [7.35000000e+02 4.95000000e+02 9.10710275e-01 1.38000000e+02]
 [7.77000000e+02 9.59000000e+02 1.75543025e-03 1.39000000e+02]
 [4.57000000e+02 1.20900000e+03 1.25580933e-02 1.40000000e+02]
 [7.89000000e+02 1.21000000e+03 1.57289149e-03 1.41000000e+02]
 [5.56000000e+02 4.70000000e+02 1.03079919e-02 1.42000000e+02]
 [7.75000000e+02 5.02000000e+02 8.85112047e-01 1.43000000e+02]
 [1.03800000e+03 6.25000000e+02 1.10434787e-03 1.44000000e+02]
 [1.03900000e+03 6.27000000e+02 1.08022452e-03 1.45000000e+02]
 [1.06500000e+03 6.45000000e+02 1.06669287e-03 1.46000000e+02]
 [5.90000000e+02 7.44000000e+02 2.84596207e-03 1.47000000e+02]
 [5.89000000e+02 7.45000000e+02 2.84098228e-03 1.48000000e+02]
 [5.30000000e+02 7.92000000e+02 2.83395941e-03 1.49000000e+02]
 [4.46000000e+02 9.49000000e+02 1.36063213e-03 1.50000000e+02]
 [6.93000000e+02 4.91000000e+02 9.05296028e-01 1.51000000e+02]
 [9.40000000e+02 5.25000000e+02 5.89466002e-03 1.52000000e+02]
 [9.39000000e+02 5.28000000e+02 5.91907650e-03 1.53000000e+02]
 [3.71000000e+02 5.41000000e+02 1.17054791e-03 1.54000000e+02]
 [9.64000000e+02 6.83000000e+02 1.29653653e-03 1.55000000e+02]
 [7.89000000e+02 7.92000000e+02 1.15340354e-03 1.56000000e+02]
 [7.79000000e+02 9.65000000e+02 2.77331541e-03 1.57000000e+02]
 [7.90000000e+02 1.10700000e+03 1.99003913e-03 1.58000000e+02]
 [5.50000000e+02 4.01000000e+02 1.28599070e-03 1.59000000e+02]
 [9.40000000e+02 5.11000000e+02 3.62765975e-03 1.60000000e+02]
 [7.57000000e+02 5.19000000e+02 1.13031805e-01 1.61000000e+02]
 [7.81000000e+02 9.78000000e+02 1.76289084e-03 1.62000000e+02]]