[[4.42000000e+02 4.15000000e+02 8.65346313e-01 0.00000000e+00]
 [4.27000000e+02 4.73000000e+02 9.92459178e-01 1.00000000e+00]
 [3.70000000e+02 4.76000000e+02 1.02436864e+00 2.00000000e+00]
 [4.27000000e+02 5.78000000e+02 9.60617602e-01 3.00000000e+00]
 [4.72000000e+02 4.84000000e+02 8.87944400e-01 4.00000000e+00]
 [4.85000000e+02 4.72000000e+02 9.25875902e-01 5.00000000e+00]
 [5.21000000e+02 5.59000000e+02 9.09174263e-01 6.00000000e+00]
 [4.86000000e+02 4.84000000e+02 1.57223880e-01 7.00000000e+00]
 [5.34000000e+02 6.42000000e+02 1.02689934e+00 8.00000000e+00]
 [3.61000000e+02 6.99000000e+02 9.26466763e-01 9.00000000e+00]
 [3.06000000e+02 8.38000000e+02 9.83120799e-01 1.00000000e+01]
 [2.51000000e+02 9.74000000e+02 9.49750066e-01 1.10000000e+01]
 [4.50000000e+02 6.93000000e+02 8.58510613e-01 1.20000000e+01]
 [5.09000000e+02 8.27000000e+02 9.38607574e-01 1.30000000e+01]
 [5.61000000e+02 9.68000000e+02 9.25175130e-01 1.40000000e+01]
 [4.27000000e+02 4.06000000e+02 8.86591256e-01 1.50000000e+01]
 [4.57000000e+02 4.03000000e+02 8.56194735e-01 1.60000000e+01]
 [4.03000000e+02 4.08000000e+02 8.18842649e-01 1.70000000e+01]
 [4.71000000e+02 3.87000000e+02 4.62219775e-01 1.80000000e+01]
 [4.70000000e+02 3.88000000e+02 4.62468565e-01 1.90000000e+01]]