[[6.14000000e+02 5.33000000e+02 9.46645379e-01 0.00000000e+00]
 [6.26000000e+02 6.01000000e+02 9.48767781e-01 1.00000000e+00]
 [5.30000000e+02 6.00000000e+02 9.36004698e-01 2.00000000e+00]
 [4.56000000e+02 7.02000000e+02 9.42695618e-01 3.00000000e+00]
 [4.77000000e+02 8.26000000e+02 6.27338946e-01 4.00000000e+00]
 [7.25000000e+02 5.96000000e+02 9.04816389e-01 5.00000000e+00]
 [7.73000000e+02 7.08000000e+02 8.14730942e-01 6.00000000e+00]
 [7.54000000e+02 7.90000000e+02 9.05702412e-01 7.00000000e+00]
 [5.50000000e+02 8.40000000e+02 9.18200791e-01 8.00000000e+00]
 [5.20000000e+02 1.01400000e+03 8.52856874e-01 9.00000000e+00]
 [4.64000000e+02 1.20000000e+03 8.57714295e-01 1.00000000e+01]
 [6.93000000e+02 8.38000000e+02 8.76563013e-01 1.10000000e+01]
 [7.65000000e+02 9.92000000e+02 9.15551364e-01 1.20000000e+01]
 [7.88000000e+02 1.16900000e+03 7.90336490e-01 1.30000000e+01]
 [5.93000000e+02 5.11000000e+02 8.95135581e-01 1.40000000e+01]
 [6.30000000e+02 5.05000000e+02 9.14944708e-01 1.50000000e+01]
 [5.58000000e+02 5.21000000e+02 5.93460739e-01 1.60000000e+01]
 [6.67000000e+02 4.98000000e+02 7.67167568e-01 1.70000000e+01]]