[[6.14000000e+02 4.91000000e+02 8.50346029e-01 0.00000000e+00]
 [6.26000000e+02 5.74000000e+02 9.42675591e-01 1.00000000e+00]
 [5.41000000e+02 5.63000000e+02 9.70859051e-01 2.00000000e+00]
 [5.40000000e+02 6.65000000e+02 8.26988459e-01 3.00000000e+00]
 [5.99000000e+02 5.51000000e+02 5.54935277e-01 4.00000000e+00]
 [7.08000000e+02 5.80000000e+02 9.33793068e-01 5.00000000e+00]
 [7.51000000e+02 6.92000000e+02 8.33275557e-01 6.00000000e+00]
 [7.21000000e+02 7.71000000e+02 8.76849830e-01 7.00000000e+00]
 [5.54000000e+02 8.37000000e+02 9.33875084e-01 8.00000000e+00]
 [5.23000000e+02 1.03000000e+03 9.20232892e-01 9.00000000e+00]
 [4.61000000e+02 1.20500000e+03 8.44399095e-01 1.00000000e+01]
 [6.85000000e+02 8.42000000e+02 9.08260047e-01 1.10000000e+01]
 [7.71000000e+02 9.96000000e+02 8.96503985e-01 1.20000000e+01]
 [8.10000000e+02 1.14700000e+03 7.52347767e-01 1.30000000e+01]
 [6.08000000e+02 4.71000000e+02 8.12987149e-01 1.40000000e+01]
 [6.32000000e+02 4.76000000e+02 8.81954312e-01 1.50000000e+01]
 [6.70000000e+02 4.81000000e+02 7.87623405e-01 1.60000000e+01]]