[[1.40000000e+01 1.76000000e+02 1.04426022e-03 0.00000000e+00]
 [1.40000000e+01 2.22000000e+02 1.04005716e-03 1.00000000e+00]
 [1.03800000e+03 3.99000000e+02 1.07982010e-03 2.00000000e+00]
 [4.68000000e+02 4.97000000e+02 4.47040237e-03 3.00000000e+00]
 [7.15000000e+02 5.03000000e+02 8.05568039e-01 4.00000000e+00]
 [1.03800000e+03 5.19000000e+02 1.12988986e-03 5.00000000e+00]
 [3.72000000e+02 5.44000000e+02 1.52851967e-03 6.00000000e+00]
 [5.16000000e+02 7.56000000e+02 1.80921692e-03 7.00000000e+00]
 [7.90000000e+02 8.76000000e+02 1.24173134e-03 8.00000000e+00]
 [4.45000000e+02 9.57000000e+02 1.18590880e-03 9.00000000e+00]
 [5.46000000e+02 1.04400000e+03 2.72515835e-03 1.00000000e+01]
 [7.88000000e+02 1.06600000e+03 1.89828593e-03 1.10000000e+01]
 [4.44000000e+02 1.21000000e+03 1.86598650e-03 1.20000000e+01]
 [6.37000000e+02 2.98000000e+02 1.28195947e-03 1.30000000e+01]
 [6.66000000e+02 5.72000000e+02 9.00809765e-01 1.40000000e+01]
 [6.23000000e+02 8.76000000e+02 3.48872319e-03 1.50000000e+01]
 [7.89000000e+02 9.59000000e+02 1.21663418e-03 1.60000000e+01]
 [5.38000000e+02 9.82000000e+02 1.99090736e-03 1.70000000e+01]
 [1.06500000e+03 3.81000000e+02 2.23683543e-03 1.80000000e+01]
 [1.06500000e+03 5.39000000e+02 1.13883393e-03 1.90000000e+01]
 [6.12000000e+02 5.71000000e+02 8.98392022e-01 2.00000000e+01]
 [8.57000000e+02 6.08000000e+02 1.30574061e-02 2.10000000e+01]
 [9.47000000e+02 6.19000000e+02 1.35943107e-03 2.20000000e+01]
 [7.96000000e+02 9.48000000e+02 2.81666615e-03 2.30000000e+01]
 [5.38000000e+02 9.57000000e+02 1.75899034e-03 2.40000000e+01]
 [8.63000000e+02 1.02000000e+03 1.33382820e-03 2.50000000e+01]
 [7.01000000e+02 1.06700000e+03 2.00015632e-03 2.60000000e+01]
 [9.78000000e+02 1.53000000e+02 1.17994181e-03 2.70000000e+01]
 [9.79000000e+02 1.54000000e+02 1.17980165e-03 2.80000000e+01]
 [9.96000000e+02 1.71000000e+02 1.17308123e-03 2.90000000e+01]
 [1.06500000e+03 2.17000000e+02 1.41106662e-03 3.00000000e+01]
 [1.07900000e+03 5.33000000e+02 8.30105133e-03 3.10000000e+01]
 [1.03500000e+03 5.34000000e+02 9.11545102e-03 3.20000000e+01]
 [3.76000000e+02 5.49000000e+02 2.69294577e-03 3.30000000e+01]
 [7.12000000e+02 6.14000000e+02 8.43169093e-01 3.40000000e+01]
 [3.77000000e+02 6.76000000e+02 1.36256742e-03 3.50000000e+01]
 [6.43000000e+02 8.63000000e+02 1.87741909e-02 3.60000000e+01]
 [8.05000000e+02 9.64000000e+02 1.51347404e-03 3.70000000e+01]
 [5.41000000e+02 1.04200000e+03 7.52407964e-03 3.80000000e+01]
 [7.03000000e+02 1.04300000e+03 2.16059340e-03 3.90000000e+01]
 [8.50000000e+02 1.22100000e+03 1.44129083e-03 4.00000000e+01]
 [8.49000000e+02 1.22200000e+03 1.44065509e-03 4.10000000e+01]
 [7.57000000e+02 2.16000000e+02 2.53625610e-03 4.20000000e+01]
 [1.07900000e+03 2.38000000e+02 1.49008143e-03 4.30000000e+01]
 [8.00000000e+02 4.73000000e+02 8.41997921e-01 4.40000000e+01]
 [3.78000000e+02 5.51000000e+02 1.40427845e-03 4.50000000e+01]
 [6.85000000e+02 7.91000000e+02 7.21283779e-02 4.60000000e+01]
 [5.48000000e+02 1.02900000e+03 4.00226098e-03 4.70000000e+01]
 [8.05000000e+02 1.18700000e+03 2.36948160e-03 4.80000000e+01]
 [3.59000000e+02 1.19200000e+03 1.51134387e-03 4.90000000e+01]
 [6.23000000e+02 1.21000000e+03 9.75595973e-03 5.00000000e+01]
 [5.37000000e+02 1.37300000e+03 2.54181609e-03 5.10000000e+01]
 [4.07000000e+02 1.39900000e+03 1.50772464e-03 5.20000000e+01]
 [7.50000000e+02 2.95000000e+02 1.44066592e-03 5.30000000e+01]
 [1.06500000e+03 3.81000000e+02 2.21083150e-03 5.40000000e+01]
 [9.50000000e+02 3.93000000e+02 1.32740079e-03 5.50000000e+01]
 [9.51000000e+02 3.95000000e+02 1.32918893e-03 5.60000000e+01]
 [4.74000000e+02 4.92000000e+02 4.65134811e-03 5.70000000e+01]
 [3.75000000e+02 5.50000000e+02 2.51776399e-03 5.80000000e+01]
 [7.27000000e+02 5.75000000e+02 7.48617411e-01 5.90000000e+01]
 [4.69000000e+02 5.85000000e+02 5.37158921e-03 6.00000000e+01]
 [9.75000000e+02 8.24000000e+02 1.10175426e-03 6.10000000e+01]
 [6.21000000e+02 8.75000000e+02 1.82410225e-03 6.20000000e+01]
 [7.90000000e+02 9.48000000e+02 2.55816383e-03 6.30000000e+01]
 [5.32000000e+02 9.99000000e+02 1.03200262e-03 6.40000000e+01]
 [8.76000000e+02 1.04100000e+03 1.31924392e-03 6.50000000e+01]
 [6.97000000e+02 1.14600000e+03 1.46660348e-03 6.60000000e+01]
 [1.06500000e+03 2.05000000e+02 1.53134787e-03 6.70000000e+01]
 [1.07900000e+03 4.94000000e+02 7.78685883e-03 6.80000000e+01]
 [4.77000000e+02 5.42000000e+02 3.85079044e-03 6.90000000e+01]
 [4.76000000e+02 5.44000000e+02 3.85336345e-03 7.00000000e+01]
 [4.67000000e+02 5.66000000e+02 3.91569687e-03 7.10000000e+01]
 [7.56000000e+02 7.00000000e+02 4.80260551e-01 7.20000000e+01]
 [6.44000000e+02 1.04800000e+03 2.73722713e-03 7.30000000e+01]
 [8.90000000e+02 1.22700000e+03 1.05412735e-03 7.40000000e+01]
 [1.40000000e+01 1.40000000e+01 1.14873564e-03 7.50000000e+01]
 [1.06500000e+03 2.23000000e+02 1.56236195e-03 7.60000000e+01]
 [1.07900000e+03 4.41000000e+02 7.13414047e-03 7.70000000e+01]
 [7.90000000e+02 5.61000000e+02 1.72560379e-01 7.80000000e+01]
 [5.59000000e+02 7.29000000e+02 1.01865493e-02 7.90000000e+01]
 [7.75000000e+02 7.56000000e+02 5.48187912e-01 8.00000000e+01]
 [1.03300000e+03 7.61000000e+02 2.76168506e-03 8.10000000e+01]
 [4.63000000e+02 7.92000000e+02 4.31794021e-03 8.20000000e+01]
 [9.55000000e+02 1.03200000e+03 8.65991600e-03 8.30000000e+01]
 [6.90000000e+02 1.04100000e+03 4.09344397e-03 8.40000000e+01]
 [6.94000000e+02 1.11300000e+03 4.77277860e-03 8.50000000e+01]
 [8.43000000e+02 3.57000000e+02 1.28012057e-03 8.60000000e+01]
 [8.42000000e+02 3.58000000e+02 1.27973431e-03 8.70000000e+01]
 [7.06000000e+02 3.75000000e+02 3.08320904e-03 8.80000000e+01]
 [1.06500000e+03 3.94000000e+02 1.19887816e-03 8.90000000e+01]
 [1.06500000e+03 5.94000000e+02 1.22329453e-03 9.00000000e+01]
 [7.61000000e+02 6.37000000e+02 9.52248275e-03 9.10000000e+01]
 [5.93000000e+02 8.47000000e+02 9.54026163e-01 9.20000000e+01]
 [1.06500000e+03 8.76000000e+02 2.56982050e-03 9.30000000e+01]
 [8.65000000e+02 9.09000000e+02 2.46904697e-03 9.40000000e+01]
 [8.64000000e+02 9.17000000e+02 2.46878807e-03 9.50000000e+01]
 [8.63000000e+02 9.25000000e+02 2.45521683e-03 9.60000000e+01]
 [8.62000000e+02 9.32000000e+02 2.43700715e-03 9.70000000e+01]
 [8.61000000e+02 9.40000000e+02 2.41349102e-03 9.80000000e+01]
 [6.96000000e+02 1.12700000e+03 2.35709012e-03 9.90000000e+01]
 [1.06500000e+03 3.85000000e+02 1.36970030e-03 1.00000000e+02]
 [7.59000000e+02 5.30000000e+02 6.16972800e-03 1.01000000e+02]
 [1.06500000e+03 6.07000000e+02 1.76753127e-03 1.02000000e+02]
 [4.81000000e+02 7.11000000e+02 2.25572963e-03 1.03000000e+02]
 [7.98000000e+02 7.93000000e+02 1.34256240e-02 1.04000000e+02]
 [9.56000000e+02 8.79000000e+02 8.93321354e-03 1.05000000e+02]
 [1.07900000e+03 9.71000000e+02 1.37327099e-03 1.06000000e+02]
 [9.65000000e+02 1.02600000e+03 1.63433945e-03 1.07000000e+02]
 [5.35000000e+02 1.04500000e+03 9.74659979e-01 1.08000000e+02]
 [7.78000000e+02 1.10800000e+03 9.54623427e-03 1.09000000e+02]
 [3.10000000e+02 1.11300000e+03 5.40584512e-03 1.10000000e+02]
 [1.06500000e+03 1.13200000e+03 1.20173744e-03 1.11000000e+02]
 [9.76000000e+02 1.20900000e+03 1.00612827e-03 1.12000000e+02]
 [1.06500000e+03 1.90500000e+03 1.01572752e-03 1.13000000e+02]
 [7.83000000e+02 5.43000000e+02 3.39632318e-03 1.14000000e+02]
 [5.48000000e+02 6.11000000e+02 1.54248695e-03 1.15000000e+02]
 [7.12000000e+02 7.68000000e+02 8.44572857e-03 1.16000000e+02]
 [5.13000000e+02 7.95000000e+02 5.30271791e-03 1.17000000e+02]
 [9.55000000e+02 8.41000000e+02 1.27738295e-03 1.18000000e+02]
 [6.46000000e+02 8.73000000e+02 2.91109411e-03 1.19000000e+02]
 [6.38000000e+02 8.78000000e+02 2.92397267e-03 1.20000000e+02]
 [6.36000000e+02 8.79000000e+02 2.92483764e-03 1.21000000e+02]
 [6.35000000e+02 8.80000000e+02 2.92532588e-03 1.22000000e+02]
 [4.12000000e+02 9.69000000e+02 5.76256448e-03 1.23000000e+02]
 [6.97000000e+02 1.19000000e+03 3.52231376e-02 1.24000000e+02]
 [7.83000000e+02 1.20000000e+03 4.28813919e-02 1.25000000e+02]
 [1.07900000e+03 1.20300000e+03 3.50516010e-03 1.26000000e+02]
 [1.02300000e+03 1.20800000e+03 3.87014402e-03 1.27000000e+02]
 [4.60000000e+02 1.21400000e+03 8.63404512e-01 1.28000000e+02]
 [2.25000000e+02 1.27200000e+03 4.15921211e-03 1.29000000e+02]
 [2.26000000e+02 1.27500000e+03 4.15252661e-03 1.30000000e+02]
 [1.06500000e+03 1.90500000e+03 1.17577612e-03 1.31000000e+02]
 [7.58000000e+02 5.34000000e+02 8.51221289e-03 1.32000000e+02]
 [7.59000000e+02 5.35000000e+02 8.50669947e-03 1.33000000e+02]
 [5.65000000e+02 5.42000000e+02 2.62955902e-03 1.34000000e+02]
 [8.74000000e+02 6.00000000e+02 3.62278312e-03 1.35000000e+02]
 [3.76000000e+02 7.95000000e+02 4.03158925e-03 1.36000000e+02]
 [4.76000000e+02 8.27000000e+02 1.37483692e-02 1.37000000e+02]
 [9.45000000e+02 8.42000000e+02 3.53381853e-03 1.38000000e+02]
 [6.98000000e+02 8.43000000e+02 9.18759227e-01 1.39000000e+02]
 [1.06500000e+03 8.78000000e+02 2.10566749e-03 1.40000000e+02]
 [8.94000000e+02 1.06400000e+03 1.82591123e-03 1.41000000e+02]
 [8.95000000e+02 1.06500000e+03 1.82015682e-03 1.42000000e+02]
 [5.42000000e+02 1.12100000e+03 3.31357098e-03 1.43000000e+02]
 [6.95000000e+02 1.12200000e+03 3.97640979e-03 1.44000000e+02]
 [6.24000000e+02 1.20400000e+03 1.87181553e-03 1.45000000e+02]
 [8.77000000e+02 1.23300000e+03 2.26764102e-03 1.46000000e+02]
 [1.40000000e+01 1.40000000e+01 1.30066834e-03 1.47000000e+02]
 [7.21000000e+02 4.48000000e+02 3.70574300e-03 1.48000000e+02]
 [6.21000000e+02 5.43000000e+02 6.07689843e-03 1.49000000e+02]
 [7.10000000e+02 6.25000000e+02 4.56566364e-03 1.50000000e+02]
 [5.38000000e+02 6.68000000e+02 1.99196232e-03 1.51000000e+02]
 [4.56000000e+02 8.76000000e+02 6.18776260e-03 1.52000000e+02]
 [5.48000000e+02 9.62000000e+02 6.43840525e-03 1.53000000e+02]
 [7.99000000e+02 1.01200000e+03 8.68238330e-01 1.54000000e+02]
 [8.13000000e+02 1.28300000e+03 3.74418939e-03 1.55000000e+02]
 [8.80000000e+02 1.46100000e+03 2.18935637e-03 1.56000000e+02]
 [1.06500000e+03 1.90500000e+03 1.09848636e-03 1.57000000e+02]
 [1.40000000e+01 1.40000000e+01 1.01185800e-03 1.58000000e+02]
 [8.02000000e+02 3.73000000e+02 2.55238870e-03 1.59000000e+02]
 [7.12000000e+02 4.65000000e+02 4.41093883e-03 1.60000000e+02]
 [5.31000000e+02 6.97000000e+02 1.45398942e-03 1.61000000e+02]
 [8.48000000e+02 8.06000000e+02 3.88648361e-03 1.62000000e+02]
 [8.49000000e+02 8.07000000e+02 3.88605683e-03 1.63000000e+02]
 [7.06000000e+02 8.78000000e+02 7.04563456e-03 1.64000000e+02]
 [8.64000000e+02 8.78000000e+02 4.66527883e-03 1.65000000e+02]
 [4.66000000e+02 1.11900000e+03 1.19069284e-02 1.66000000e+02]
 [5.57000000e+02 1.12700000e+03 1.29621485e-02 1.67000000e+02]
 [8.17000000e+02 1.19000000e+03 7.14545965e-01 1.68000000e+02]
 [5.43000000e+02 1.37500000e+03 2.38090591e-03 1.69000000e+02]
 [8.42000000e+02 1.53300000e+03 6.07569423e-03 1.70000000e+02]
 [6.96000000e+02 4.80000000e+02 7.36149192e-01 1.71000000e+02]
 [5.60000000e+02 1.04400000e+03 1.26412697e-03 1.72000000e+02]
 [4.64000000e+02 1.21000000e+03 9.95131303e-03 1.73000000e+02]
 [7.65000000e+02 1.22100000e+03 1.13422039e-03 1.74000000e+02]
 [4.76000000e+02 3.93000000e+02 2.07674736e-03 1.75000000e+02]
 [4.75000000e+02 3.96000000e+02 2.08245195e-03 1.76000000e+02]
 [4.73000000e+02 4.04000000e+02 2.06928770e-03 1.77000000e+02]
 [4.71000000e+02 4.14000000e+02 2.04866752e-03 1.78000000e+02]
 [4.70000000e+02 4.19000000e+02 2.06019962e-03 1.79000000e+02]
 [4.69000000e+02 4.27000000e+02 2.08702777e-03 1.80000000e+02]
 [4.68000000e+02 4.34000000e+02 2.11010035e-03 1.81000000e+02]
 [7.17000000e+02 4.78000000e+02 6.61026835e-01 1.82000000e+02]
 [5.32000000e+02 7.85000000e+02 2.71783629e-03 1.83000000e+02]
 [7.86000000e+02 8.73000000e+02 2.58821063e-03 1.84000000e+02]
 [4.43000000e+02 9.58000000e+02 1.09640521e-03 1.85000000e+02]
 [5.41000000e+02 1.04300000e+03 2.25068210e-03 1.86000000e+02]
 [1.06500000e+03 3.91000000e+02 1.17791572e-03 1.87000000e+02]
 [9.42000000e+02 4.81000000e+02 3.30177229e-03 1.88000000e+02]
 [6.45000000e+02 4.82000000e+02 7.39237487e-01 1.89000000e+02]
 [1.03900000e+03 5.17000000e+02 1.11236353e-03 1.90000000e+02]
 [1.07900000e+03 5.22000000e+02 1.06941618e-03 1.91000000e+02]
 [3.78000000e+02 5.41000000e+02 1.62028568e-03 1.92000000e+02]
 [5.50000000e+02 9.59000000e+02 1.28657778e-03 1.93000000e+02]
 [7.28000000e+02 9.61000000e+02 2.21843855e-03 1.94000000e+02]
 [7.93000000e+02 1.11800000e+03 1.70486316e-03 1.95000000e+02]
 [5.39000000e+02 1.28500000e+03 6.17674552e-03 1.96000000e+02]
 [4.61000000e+02 4.23000000e+02 1.06944458e-03 1.97000000e+02]
 [7.35000000e+02 4.57000000e+02 1.44697160e-01 1.98000000e+02]
 [7.37000000e+02 6.92000000e+02 7.82645866e-03 1.99000000e+02]
 [5.29000000e+02 8.97000000e+02 1.07929378e-03 2.00000000e+02]
 [7.48000000e+02 9.56000000e+02 1.34780118e-03 2.01000000e+02]
 [7.47000000e+02 9.57000000e+02 1.34816999e-03 2.02000000e+02]]