[[1.24000000e+02 4.70000000e+02 9.77323294e-01 0.00000000e+00]
 [2.36000000e+02 5.08000000e+02 9.16834652e-01 1.00000000e+00]
 [1.93000000e+02 5.29000000e+02 8.91735494e-01 2.00000000e+00]
 [2.22000000e+02 6.35000000e+02 9.05555785e-01 3.00000000e+00]
 [1.28000000e+02 6.71000000e+02 7.27689266e-01 4.00000000e+00]
 [0.00000000e+00 6.84000000e+02 1.20290503e-01 5.00000000e+00]
 [2.77000000e+02 4.81000000e+02 9.10942674e-01 6.00000000e+00]
 [4.09000000e+02 5.69000000e+02 9.47061241e-01 7.00000000e+00]
 [3.30000000e+02 6.64000000e+02 9.23566222e-01 8.00000000e+00]
 [3.08000000e+02 6.97000000e+02 8.51588488e-01 9.00000000e+00]
 [2.40000000e+02 8.16000000e+02 9.10971820e-01 1.00000000e+01]
 [2.31000000e+02 9.81000000e+02 8.88288856e-01 1.10000000e+01]
 [3.94000000e+02 6.80000000e+02 8.56817126e-01 1.20000000e+01]
 [4.46000000e+02 8.30000000e+02 9.21292126e-01 1.30000000e+01]
 [5.34000000e+02 9.73000000e+02 9.84572768e-01 1.40000000e+01]
 [0.00000000e+00 4.64000000e+02 1.08739503e-01 1.50000000e+01]
 [1.10000000e+02 4.65000000e+02 6.72731161e-01 1.60000000e+01]
 [1.32000000e+02 4.48000000e+02 9.37053740e-01 1.70000000e+01]
 [1.82000000e+02 4.21000000e+02 9.09381628e-01 1.80000000e+01]]