[[1.40000000e+01 2.29000000e+02 1.22602249e-03 0.00000000e+00]
 [6.10000000e+02 5.02000000e+02 9.11346972e-01 1.00000000e+00]
 [9.14000000e+02 6.49000000e+02 1.41926063e-03 2.00000000e+00]
 [5.36000000e+02 7.91000000e+02 2.82485341e-03 3.00000000e+00]
 [7.89000000e+02 7.93000000e+02 4.55400068e-03 4.00000000e+00]
 [8.51000000e+02 1.04300000e+03 3.89202684e-03 5.00000000e+00]
 [5.50000000e+02 1.04600000e+03 2.26587267e-03 6.00000000e+00]
 [4.43000000e+02 1.21000000e+03 1.34097645e-03 7.00000000e+00]
 [6.23000000e+02 5.75000000e+02 9.46470201e-01 8.00000000e+00]
 [3.81000000e+02 5.76000000e+02 3.53718502e-03 9.00000000e+00]
 [8.61000000e+02 6.27000000e+02 5.83868660e-03 1.00000000e+01]
 [3.85000000e+02 6.78000000e+02 2.88572023e-03 1.10000000e+01]
 [5.89000000e+02 8.77000000e+02 1.40703027e-03 1.20000000e+01]
 [5.39000000e+02 9.57000000e+02 3.05527705e-03 1.30000000e+01]
 [7.50000000e+02 9.58000000e+02 1.41780393e-03 1.40000000e+01]
 [7.84000000e+02 1.40000000e+01 1.34856917e-03 1.50000000e+01]
 [7.86000000e+02 3.74000000e+02 1.32603908e-03 1.60000000e+01]
 [3.05000000e+02 5.66000000e+02 6.85544917e-03 1.70000000e+01]
 [5.31000000e+02 5.85000000e+02 9.55254257e-01 1.80000000e+01]
 [9.53000000e+02 5.86000000e+02 1.87292136e-03 1.90000000e+01]
 [7.82000000e+02 6.13000000e+02 9.75414459e-03 2.00000000e+01]
 [8.53000000e+02 6.30000000e+02 1.27300352e-03 2.10000000e+01]
 [8.83000000e+02 7.12000000e+02 1.02382561e-03 2.20000000e+01]
 [4.53000000e+02 8.69000000e+02 9.84265096e-03 2.30000000e+01]
 [5.37000000e+02 9.68000000e+02 2.91198981e-03 2.40000000e+01]
 [7.60000000e+02 9.71000000e+02 3.63201089e-03 2.50000000e+01]
 [5.24000000e+02 4.69000000e+02 5.98565210e-03 2.60000000e+01]
 [7.87000000e+02 6.25000000e+02 1.97455962e-03 2.70000000e+01]
 [9.49000000e+02 6.47000000e+02 1.43669208e-03 2.80000000e+01]
 [2.17000000e+02 7.09000000e+02 1.49947603e-03 2.90000000e+01]
 [4.85000000e+02 7.17000000e+02 8.41195822e-01 3.00000000e+01]
 [7.81000000e+02 7.94000000e+02 4.78248065e-03 3.10000000e+01]
 [7.87000000e+02 9.59000000e+02 1.59652496e-03 3.20000000e+01]
 [8.72000000e+02 1.13200000e+03 2.16688286e-03 3.30000000e+01]
 [1.40000000e+01 1.40000000e+01 1.63525040e-03 3.40000000e+01]
 [5.46000000e+02 4.59000000e+02 5.67804463e-03 3.50000000e+01]
 [3.74000000e+02 4.63000000e+02 1.28895685e-03 3.60000000e+01]
 [3.75000000e+02 4.64000000e+02 1.28624635e-03 3.70000000e+01]
 [7.10000000e+02 5.33000000e+02 2.03832355e-03 3.80000000e+01]
 [7.09000000e+02 5.34000000e+02 2.03796453e-03 3.90000000e+01]
 [7.08000000e+02 5.35000000e+02 2.03732518e-03 4.00000000e+01]
 [7.05000000e+02 5.39000000e+02 2.03708885e-03 4.10000000e+01]
 [9.55000000e+02 7.75000000e+02 2.07149331e-03 4.20000000e+01]
 [4.84000000e+02 8.16000000e+02 5.64754069e-01 4.30000000e+01]
 [7.87000000e+02 8.64000000e+02 7.20317941e-03 4.40000000e+01]
 [3.51000000e+02 1.12600000e+03 1.22072140e-03 4.50000000e+01]
 [7.95000000e+02 1.18400000e+03 2.07099342e-03 4.60000000e+01]
 [6.21000000e+02 1.20000000e+03 4.17367229e-03 4.70000000e+01]
 [3.58000000e+02 1.20200000e+03 1.59690692e-03 4.80000000e+01]
 [5.91000000e+02 1.37100000e+03 1.14193233e-03 4.90000000e+01]
 [4.06000000e+02 1.38200000e+03 1.51408382e-03 5.00000000e+01]
 [7.86000000e+02 1.40000000e+01 1.32553384e-03 5.10000000e+01]
 [3.84000000e+02 4.65000000e+02 1.36106380e-03 5.20000000e+01]
 [3.83000000e+02 4.66000000e+02 1.36269431e-03 5.30000000e+01]
 [2.95000000e+02 5.42000000e+02 2.00414681e-03 5.40000000e+01]
 [4.65000000e+02 5.42000000e+02 6.54925685e-03 5.50000000e+01]
 [7.16000000e+02 5.63000000e+02 9.18808401e-01 5.60000000e+01]
 [3.75000000e+02 5.93000000e+02 1.13392691e-03 5.70000000e+01]
 [9.79000000e+02 7.41000000e+02 1.17777882e-03 5.80000000e+01]
 [3.71000000e+02 7.99000000e+02 1.60303561e-03 5.90000000e+01]
 [7.86000000e+02 9.83000000e+02 3.31458659e-03 6.00000000e+01]
 [5.35000000e+02 1.01700000e+03 3.65226017e-03 6.10000000e+01]
 [5.58000000e+02 6.64000000e+02 9.40930378e-03 6.20000000e+01]
 [7.61000000e+02 6.85000000e+02 8.11160624e-01 6.30000000e+01]
 [3.73000000e+02 7.93000000e+02 4.81788535e-03 6.40000000e+01]
 [7.84000000e+02 9.49000000e+02 5.65190800e-03 6.50000000e+01]
 [6.12000000e+02 1.00400000e+03 1.66581944e-03 6.60000000e+01]
 [4.57000000e+02 1.21100000e+03 1.97461504e-03 6.70000000e+01]
 [1.40000000e+01 1.40000000e+01 1.83132919e-03 6.80000000e+01]
 [5.44000000e+02 3.97000000e+02 2.95122457e-03 6.90000000e+01]
 [5.70000000e+02 4.35000000e+02 2.80950055e-03 7.00000000e+01]
 [5.71000000e+02 4.36000000e+02 2.81025842e-03 7.10000000e+01]
 [6.03000000e+02 4.57000000e+02 2.87039625e-03 7.20000000e+01]
 [8.71000000e+02 4.57000000e+02 3.06870742e-03 7.30000000e+01]
 [7.68000000e+02 5.62000000e+02 1.58869866e-02 7.40000000e+01]
 [7.61000000e+02 7.85000000e+02 9.69880581e-01 7.50000000e+01]
 [3.73000000e+02 7.87000000e+02 4.45410516e-03 7.60000000e+01]
 [9.54000000e+02 1.03300000e+03 7.15287542e-03 7.70000000e+01]
 [6.26000000e+02 1.03900000e+03 1.71990471e-03 7.80000000e+01]
 [6.71000000e+02 1.12600000e+03 2.17608875e-03 7.90000000e+01]
 [1.40000000e+01 1.40000000e+01 1.67402346e-03 8.00000000e+01]
 [8.08000000e+02 6.16000000e+02 2.03365879e-03 8.10000000e+01]
 [7.70000000e+02 8.38000000e+02 2.00474020e-02 8.20000000e+01]
 [5.57000000e+02 8.44000000e+02 9.36795533e-01 8.30000000e+01]
 [8.78000000e+02 1.12700000e+03 1.32865424e-03 8.40000000e+01]
 [7.87000000e+02 5.42000000e+02 2.22811569e-03 8.50000000e+01]
 [6.24000000e+02 5.43000000e+02 2.93353084e-03 8.60000000e+01]
 [3.60000000e+02 7.53000000e+02 4.20201244e-03 8.70000000e+01]
 [9.55000000e+02 9.64000000e+02 2.96802050e-03 8.80000000e+01]
 [5.21000000e+02 1.02800000e+03 9.28924441e-01 8.90000000e+01]
 [5.53000000e+02 1.27900000e+03 3.64879682e-03 9.00000000e+01]
 [6.18000000e+02 5.38000000e+02 3.60598066e-03 9.10000000e+01]
 [7.89000000e+02 5.40000000e+02 1.96166430e-03 9.20000000e+01]
 [8.80000000e+02 6.29000000e+02 1.07605185e-03 9.30000000e+01]
 [6.23000000e+02 7.01000000e+02 1.31708488e-03 9.40000000e+01]
 [4.50000000e+02 7.10000000e+02 4.27124789e-03 9.50000000e+01]
 [7.05000000e+02 8.01000000e+02 4.13029827e-03 9.60000000e+01]
 [3.73000000e+02 8.02000000e+02 3.45854438e-03 9.70000000e+01]
 [9.57000000e+02 8.68000000e+02 1.18615408e-03 9.80000000e+01]
 [1.95000000e+02 1.02300000e+03 1.10296637e-03 9.90000000e+01]
 [6.95000000e+02 1.06300000e+03 2.67015230e-02 1.00000000e+02]
 [7.80000000e+02 1.11900000e+03 2.01882534e-02 1.01000000e+02]
 [9.56000000e+02 1.13100000e+03 4.37470758e-03 1.02000000e+02]
 [6.87000000e+02 1.19300000e+03 3.14704366e-02 1.03000000e+02]
 [4.60000000e+02 1.20800000e+03 8.77360702e-01 1.04000000e+02]
 [2.20000000e+02 1.21800000e+03 3.54891270e-03 1.05000000e+02]
 [1.40000000e+01 1.40000000e+01 1.93345686e-03 1.06000000e+02]
 [8.95000000e+02 6.06000000e+02 1.69128191e-03 1.07000000e+02]
 [8.60000000e+02 6.35000000e+02 1.52778334e-03 1.08000000e+02]
 [3.72000000e+02 7.88000000e+02 4.34560282e-03 1.09000000e+02]
 [9.47000000e+02 8.06000000e+02 1.80085457e-03 1.10000000e+02]
 [6.95000000e+02 8.35000000e+02 9.02887285e-01 1.11000000e+02]
 [4.97000000e+02 1.09500000e+03 2.75981403e-03 1.12000000e+02]
 [6.02000000e+02 1.13500000e+03 3.00771254e-03 1.13000000e+02]
 [8.28000000e+02 1.21300000e+03 1.53841416e-03 1.14000000e+02]
 [8.71000000e+02 1.37000000e+03 1.88714266e-03 1.15000000e+02]
 [1.40000000e+01 1.40000000e+01 1.88644708e-03 1.16000000e+02]
 [6.22000000e+02 4.53000000e+02 1.03003031e-03 1.17000000e+02]
 [5.39000000e+02 5.42000000e+02 1.56320655e-03 1.18000000e+02]
 [6.45000000e+02 6.24000000e+02 4.68514953e-03 1.19000000e+02]
 [8.83000000e+02 7.01000000e+02 1.64103368e-03 1.20000000e+02]
 [8.82000000e+02 7.02000000e+02 1.63748185e-03 1.21000000e+02]
 [8.74000000e+02 7.08000000e+02 1.67159934e-03 1.22000000e+02]
 [8.72000000e+02 7.09000000e+02 1.69724762e-03 1.23000000e+02]
 [8.12000000e+02 7.18000000e+02 1.76755385e-03 1.24000000e+02]
 [8.10000000e+02 7.19000000e+02 1.76583184e-03 1.25000000e+02]
 [9.84000000e+02 7.65000000e+02 1.05937233e-03 1.26000000e+02]
 [3.73000000e+02 7.92000000e+02 1.03971804e-03 1.27000000e+02]
 [4.55000000e+02 8.76000000e+02 2.21635262e-03 1.28000000e+02]
 [7.66000000e+02 9.92000000e+02 8.71358037e-01 1.29000000e+02]
 [2.91000000e+02 1.15500000e+03 1.02397439e-03 1.30000000e+02]
 [9.43000000e+02 1.36300000e+03 2.70882132e-03 1.31000000e+02]
 [1.40000000e+01 1.40000000e+01 1.44217699e-03 1.32000000e+02]
 [5.50000000e+02 4.61000000e+02 2.04100669e-03 1.33000000e+02]
 [6.97000000e+02 5.43000000e+02 2.49809213e-03 1.34000000e+02]
 [6.64000000e+02 5.72000000e+02 2.23276066e-03 1.35000000e+02]
 [6.23000000e+02 6.18000000e+02 2.92492006e-03 1.36000000e+02]
 [7.75000000e+02 7.92000000e+02 4.92181582e-03 1.37000000e+02]
 [7.07000000e+02 8.78000000e+02 4.85213567e-03 1.38000000e+02]
 [8.70000000e+02 8.81000000e+02 7.06329523e-03 1.39000000e+02]
 [5.48000000e+02 1.12400000e+03 1.28132361e-03 1.40000000e+02]
 [8.07000000e+02 1.13800000e+03 8.00361812e-01 1.41000000e+02]
 [8.11000000e+02 1.44900000e+03 1.36378512e-03 1.42000000e+02]
 [6.06000000e+02 2.17000000e+02 1.46308588e-03 1.43000000e+02]
 [5.88000000e+02 4.78000000e+02 8.98210883e-01 1.44000000e+02]
 [8.08000000e+02 7.42000000e+02 1.19958492e-03 1.45000000e+02]
 [5.07000000e+02 8.72000000e+02 6.73962245e-03 1.46000000e+02]
 [8.72000000e+02 1.12700000e+03 2.81631807e-03 1.47000000e+02]
 [4.57000000e+02 1.21000000e+03 1.11222798e-02 1.48000000e+02]
 [8.06000000e+02 1.29400000e+03 1.22313492e-03 1.49000000e+02]
 [6.35000000e+02 2.18000000e+02 2.37976969e-03 1.50000000e+02]
 [6.36000000e+02 2.19000000e+02 2.35828408e-03 1.51000000e+02]
 [8.53000000e+02 4.50000000e+02 6.65222667e-03 1.52000000e+02]
 [6.23000000e+02 4.72000000e+02 9.25835550e-01 1.53000000e+02]
 [3.84000000e+02 4.77000000e+02 6.73461752e-03 1.54000000e+02]
 [8.92000000e+02 6.54000000e+02 1.17793353e-03 1.55000000e+02]
 [3.51000000e+02 6.55000000e+02 1.27204438e-03 1.56000000e+02]
 [4.19000000e+02 7.36000000e+02 1.12906657e-03 1.57000000e+02]
 [7.87000000e+02 8.02000000e+02 2.19405140e-03 1.58000000e+02]
 [5.47000000e+02 1.04300000e+03 1.16060663e-03 1.59000000e+02]
 [5.59000000e+02 4.82000000e+02 5.71578562e-01 1.60000000e+02]
 [7.87000000e+02 7.69000000e+02 2.23071268e-03 1.61000000e+02]
 [4.42000000e+02 8.80000000e+02 1.17240706e-03 1.62000000e+02]
 [7.14000000e+02 9.64000000e+02 3.34267179e-03 1.63000000e+02]
 [7.92000000e+02 1.10400000e+03 1.01936504e-03 1.64000000e+02]
 [6.67000000e+02 2.15000000e+02 1.25218218e-03 1.65000000e+02]
 [6.55000000e+02 4.66000000e+02 8.07070434e-01 1.66000000e+02]
 [3.76000000e+02 4.77000000e+02 1.86602492e-03 1.67000000e+02]
 [7.66000000e+02 7.82000000e+02 1.50538620e-03 1.68000000e+02]
 [7.31000000e+02 9.67000000e+02 1.88016344e-03 1.69000000e+02]]