[[4.02000000e+02 3.80000000e+02 9.20906782e-01 0.00000000e+00]
 [4.16000000e+02 4.38000000e+02 9.95679855e-01 1.00000000e+00]
 [3.31000000e+02 4.38000000e+02 8.87767553e-01 2.00000000e+00]
 [2.83000000e+02 5.64000000e+02 9.24106777e-01 3.00000000e+00]
 [3.70000000e+02 5.44000000e+02 9.36356425e-01 4.00000000e+00]
 [4.91000000e+02 4.40000000e+02 9.23424482e-01 5.00000000e+00]
 [5.41000000e+02 5.40000000e+02 9.22262967e-01 6.00000000e+00]
 [5.25000000e+02 5.99000000e+02 1.00705457e+00 7.00000000e+00]
 [3.28000000e+02 6.66000000e+02 8.96635413e-01 8.00000000e+00]
 [2.66000000e+02 8.15000000e+02 9.39284742e-01 9.00000000e+00]
 [2.45000000e+02 9.65000000e+02 9.09832001e-01 1.00000000e+01]
 [4.36000000e+02 6.69000000e+02 8.50725591e-01 1.10000000e+01]
 [4.84000000e+02 8.17000000e+02 9.09391940e-01 1.20000000e+01]
 [5.31000000e+02 9.62000000e+02 9.44613278e-01 1.30000000e+01]
 [3.83000000e+02 3.62000000e+02 9.70692933e-01 1.40000000e+01]
 [4.21000000e+02 3.62000000e+02 9.69533145e-01 1.50000000e+01]
 [3.64000000e+02 3.60000000e+02 4.82953072e-01 1.60000000e+01]
 [4.60000000e+02 3.57000000e+02 1.01561356e+00 1.70000000e+01]]