[[1.37000000e+02 5.39000000e+02 9.82370079e-01 0.00000000e+00]
 [2.47000000e+02 5.41000000e+02 8.00890505e-01 1.00000000e+00]
 [2.20000000e+02 5.54000000e+02 6.97992444e-01 2.00000000e+00]
 [2.69000000e+02 6.80000000e+02 3.03390920e-01 3.00000000e+00]
 [2.49000000e+02 7.12000000e+02 2.65398234e-01 4.00000000e+00]
 [2.74000000e+02 5.42000000e+02 8.83567154e-01 5.00000000e+00]
 [3.01000000e+02 6.79000000e+02 8.89534533e-01 6.00000000e+00]
 [2.39000000e+02 7.22000000e+02 7.47376800e-01 7.00000000e+00]
 [3.43000000e+02 6.99000000e+02 7.55665183e-01 8.00000000e+00]
 [2.40000000e+02 8.00000000e+02 9.41624343e-01 9.00000000e+00]
 [2.49000000e+02 9.56000000e+02 9.05422390e-01 1.00000000e+01]
 [4.25000000e+02 6.88000000e+02 8.61398339e-01 1.10000000e+01]
 [4.53000000e+02 8.57000000e+02 8.80256772e-01 1.20000000e+01]
 [5.30000000e+02 9.65000000e+02 9.26119566e-01 1.30000000e+01]
 [1.25000000e+02 5.29000000e+02 3.59704226e-01 1.40000000e+01]
 [1.36000000e+02 5.22000000e+02 9.52399015e-01 1.50000000e+01]
 [1.85000000e+02 4.86000000e+02 9.35551167e-01 1.60000000e+01]]