[[1.72000000e+02 4.94000000e+02 8.78100455e-01 0.00000000e+00]
 [2.69000000e+02 5.13000000e+02 9.49608743e-01 1.00000000e+00]
 [2.12000000e+02 5.38000000e+02 8.91704381e-01 2.00000000e+00]
 [2.34000000e+02 6.48000000e+02 9.75096285e-01 3.00000000e+00]
 [7.20000000e+01 6.97000000e+02 6.43837094e-01 4.00000000e+00]
 [0.00000000e+00 7.01000000e+02 5.55752695e-01 5.00000000e+00]
 [3.28000000e+02 4.79000000e+02 8.87436688e-01 6.00000000e+00]
 [4.55000000e+02 5.69000000e+02 9.10435259e-01 7.00000000e+00]
 [3.71000000e+02 6.74000000e+02 9.88571227e-01 8.00000000e+00]
 [3.37000000e+02 6.98000000e+02 7.85242975e-01 9.00000000e+00]
 [2.71000000e+02 8.19000000e+02 9.31724429e-01 1.00000000e+01]
 [2.45000000e+02 9.83000000e+02 9.39542174e-01 1.10000000e+01]
 [4.32000000e+02 6.70000000e+02 7.89664865e-01 1.20000000e+01]
 [4.79000000e+02 8.34000000e+02 9.38314021e-01 1.30000000e+01]
 [5.48000000e+02 9.72000000e+02 9.51444805e-01 1.40000000e+01]
 [1.53000000e+02 4.82000000e+02 6.60533369e-01 1.50000000e+01]
 [1.78000000e+02 4.71000000e+02 9.23382223e-01 1.60000000e+01]
 [2.18000000e+02 4.28000000e+02 8.59626532e-01 1.70000000e+01]]