[[7.43000000e+02 5.45000000e+02 8.67474079e-01 0.00000000e+00]
 [6.79000000e+02 5.87000000e+02 8.07576597e-01 1.00000000e+00]
 [6.24000000e+02 5.85000000e+02 9.04987514e-01 2.00000000e+00]
 [6.95000000e+02 6.90000000e+02 9.56269979e-01 3.00000000e+00]
 [7.78000000e+02 6.04000000e+02 9.04995203e-01 4.00000000e+00]
 [7.40000000e+02 5.95000000e+02 7.09734023e-01 5.00000000e+00]
 [5.81000000e+02 8.54000000e+02 8.89321685e-01 6.00000000e+00]
 [5.33000000e+02 1.03800000e+03 9.48819518e-01 7.00000000e+00]
 [4.60000000e+02 1.21200000e+03 8.71298134e-01 8.00000000e+00]
 [6.96000000e+02 8.53000000e+02 8.86187494e-01 9.00000000e+00]
 [7.98000000e+02 1.01400000e+03 8.65488350e-01 1.00000000e+01]
 [8.12000000e+02 1.18400000e+03 6.78244293e-01 1.10000000e+01]
 [7.25000000e+02 5.16000000e+02 8.72062564e-01 1.20000000e+01]
 [7.70000000e+02 5.21000000e+02 7.37944841e-01 1.30000000e+01]
 [6.79000000e+02 5.03000000e+02 8.45980346e-01 1.40000000e+01]]