[[3.06000000e+02 3.79000000e+02 7.65355408e-01 0.00000000e+00]
 [3.48000000e+02 4.52000000e+02 9.27989304e-01 1.00000000e+00]
 [2.66000000e+02 4.67000000e+02 9.13578987e-01 2.00000000e+00]
 [2.68000000e+02 5.82000000e+02 9.25407529e-01 3.00000000e+00]
 [2.87000000e+02 4.90000000e+02 7.84294903e-01 4.00000000e+00]
 [4.19000000e+02 4.28000000e+02 9.35016096e-01 5.00000000e+00]
 [5.15000000e+02 5.27000000e+02 9.41218555e-01 6.00000000e+00]
 [4.46000000e+02 6.19000000e+02 9.04043794e-01 7.00000000e+00]
 [3.38000000e+02 6.77000000e+02 8.88268232e-01 8.00000000e+00]
 [2.92000000e+02 8.16000000e+02 9.54963565e-01 9.00000000e+00]
 [2.51000000e+02 9.75000000e+02 9.58996713e-01 1.00000000e+01]
 [4.41000000e+02 6.53000000e+02 8.07184160e-01 1.10000000e+01]
 [4.99000000e+02 8.13000000e+02 9.45544839e-01 1.20000000e+01]
 [5.64000000e+02 9.66000000e+02 9.18266535e-01 1.30000000e+01]
 [2.92000000e+02 3.67000000e+02 8.10359180e-01 1.40000000e+01]
 [3.16000000e+02 3.62000000e+02 7.98831880e-01 1.50000000e+01]
 [2.68000000e+02 3.77000000e+02 5.65287173e-01 1.60000000e+01]
 [3.49000000e+02 3.58000000e+02 7.48392820e-01 1.70000000e+01]]