[[1.06500000e+03 2.07000000e+02 1.33648177e-03 0.00000000e+00]
 [1.40000000e+01 2.29000000e+02 1.03218015e-03 1.00000000e+00]
 [4.60000000e+02 4.84000000e+02 2.62030377e-03 2.00000000e+00]
 [7.48000000e+02 5.03000000e+02 7.16957748e-01 3.00000000e+00]
 [3.81000000e+02 5.37000000e+02 1.54976465e-03 4.00000000e+00]
 [1.00600000e+03 7.40000000e+02 2.22307141e-03 5.00000000e+00]
 [1.00700000e+03 7.41000000e+02 2.22210679e-03 6.00000000e+00]
 [1.00900000e+03 7.42000000e+02 2.21984717e-03 7.00000000e+00]
 [1.06500000e+03 7.74000000e+02 2.77195708e-03 8.00000000e+00]
 [5.43000000e+02 7.93000000e+02 1.99107802e-03 9.00000000e+00]
 [4.46000000e+02 8.92000000e+02 1.29167689e-03 1.00000000e+01]
 [5.68000000e+02 1.05500000e+03 1.47128315e-03 1.10000000e+01]
 [7.90000000e+02 1.05800000e+03 2.18796427e-03 1.20000000e+01]
 [6.72000000e+02 5.87000000e+02 9.24375296e-01 1.30000000e+01]
 [8.95000000e+02 8.11000000e+02 1.42845162e-03 1.40000000e+01]
 [6.27000000e+02 8.75000000e+02 3.72579484e-03 1.50000000e+01]
 [7.88000000e+02 9.44000000e+02 1.44285976e-03 1.60000000e+01]
 [5.40000000e+02 9.51000000e+02 2.40568561e-03 1.70000000e+01]
 [8.50000000e+02 1.40000000e+01 1.48691237e-03 1.80000000e+01]
 [7.28000000e+02 3.01000000e+02 1.28525821e-03 1.90000000e+01]
 [7.31000000e+02 3.02000000e+02 1.28115446e-03 2.00000000e+01]
 [5.95000000e+02 5.83000000e+02 8.87273431e-01 2.10000000e+01]
 [9.47000000e+02 6.05000000e+02 4.62785503e-03 2.20000000e+01]
 [8.59000000e+02 6.24000000e+02 1.03196390e-02 2.30000000e+01]
 [9.46000000e+02 7.89000000e+02 1.14506902e-03 2.40000000e+01]
 [4.31000000e+02 8.79000000e+02 1.52075535e-03 2.50000000e+01]
 [7.95000000e+02 9.59000000e+02 3.48009588e-03 2.60000000e+01]
 [5.36000000e+02 9.60000000e+02 2.19715154e-03 2.70000000e+01]
 [7.04000000e+02 1.06600000e+03 1.69066689e-03 2.80000000e+01]
 [9.48000000e+02 5.50000000e+02 2.37324042e-03 2.90000000e+01]
 [8.63000000e+02 6.24000000e+02 6.13343669e-03 3.00000000e+01]
 [3.00000000e+02 6.85000000e+02 2.37555336e-03 3.10000000e+01]
 [5.73000000e+02 6.89000000e+02 7.66645789e-01 3.20000000e+01]
 [8.72000000e+02 7.76000000e+02 4.69254190e-03 3.30000000e+01]
 [8.13000000e+02 9.69000000e+02 1.42252515e-03 3.40000000e+01]
 [6.66000000e+02 5.59000000e+02 3.18753421e-01 3.50000000e+01]
 [9.50000000e+02 7.59000000e+02 4.04842943e-03 3.60000000e+01]
 [6.24000000e+02 7.67000000e+02 3.93250167e-01 3.70000000e+01]
 [6.10000000e+02 1.04200000e+03 2.80237710e-03 3.80000000e+01]
 [7.89000000e+02 1.15000000e+03 2.91816657e-03 3.90000000e+01]
 [6.29000000e+02 1.20400000e+03 3.42282071e-03 4.00000000e+01]
 [3.50000000e+02 1.21000000e+03 1.29031891e-03 4.10000000e+01]
 [5.05000000e+02 1.37100000e+03 1.40897802e-03 4.20000000e+01]
 [8.42000000e+02 1.40000000e+01 1.64575910e-03 4.30000000e+01]
 [3.74000000e+02 5.53000000e+02 2.09661014e-03 4.40000000e+01]
 [3.88000000e+02 5.94000000e+02 1.94748375e-03 4.50000000e+01]
 [7.48000000e+02 5.99000000e+02 9.26040113e-01 4.60000000e+01]
 [4.60000000e+02 6.27000000e+02 6.35644514e-03 4.70000000e+01]
 [8.75000000e+02 8.70000000e+02 5.84857026e-03 4.80000000e+01]
 [6.23000000e+02 8.74000000e+02 1.64324325e-03 4.90000000e+01]
 [7.94000000e+02 9.60000000e+02 2.86304252e-03 5.00000000e+01]
 [5.39000000e+02 1.02600000e+03 1.89688383e-03 5.10000000e+01]
 [8.69000000e+02 1.03700000e+03 1.12365233e-03 5.20000000e+01]
 [6.39000000e+02 1.17700000e+03 1.27257442e-03 5.30000000e+01]
 [7.08000000e+02 3.79000000e+02 2.41738488e-03 5.40000000e+01]
 [7.79000000e+02 4.68000000e+02 1.05040567e-02 5.50000000e+01]
 [3.73000000e+02 5.30000000e+02 2.25667842e-03 5.60000000e+01]
 [4.54000000e+02 6.25000000e+02 1.06118224e-03 5.70000000e+01]
 [7.78000000e+02 7.08000000e+02 8.63161981e-01 5.80000000e+01]
 [5.53000000e+02 7.21000000e+02 4.67362115e-03 5.90000000e+01]
 [1.02800000e+03 7.27000000e+02 2.39102286e-03 6.00000000e+01]
 [9.83000000e+02 9.99000000e+02 1.10959983e-03 6.10000000e+01]
 [6.03000000e+02 1.00600000e+03 1.50091492e-03 6.20000000e+01]
 [6.04000000e+02 1.00800000e+03 1.49989815e-03 6.30000000e+01]
 [6.07000000e+02 1.01500000e+03 1.48810295e-03 6.40000000e+01]
 [6.25000000e+02 1.04400000e+03 1.62612053e-03 6.50000000e+01]
 [6.31000000e+02 1.20100000e+03 1.11323898e-03 6.60000000e+01]
 [8.76000000e+02 1.21500000e+03 1.06899999e-03 6.70000000e+01]
 [7.23000000e+02 3.86000000e+02 1.02609098e-02 6.80000000e+01]
 [7.49000000e+02 4.00000000e+02 1.01418141e-02 6.90000000e+01]
 [7.83000000e+02 5.52000000e+02 5.15980683e-02 7.00000000e+01]
 [4.55000000e+02 5.84000000e+02 3.32213193e-03 7.10000000e+01]
 [5.51000000e+02 7.15000000e+02 1.01198796e-02 7.20000000e+01]
 [1.03100000e+03 7.24000000e+02 1.18175230e-03 7.30000000e+01]
 [1.03200000e+03 7.29000000e+02 1.18588912e-03 7.40000000e+01]
 [4.56000000e+02 7.72000000e+02 5.74698020e-03 7.50000000e+01]
 [7.69000000e+02 7.87000000e+02 8.75388086e-01 7.60000000e+01]
 [5.50000000e+02 8.65000000e+02 7.27545656e-03 7.70000000e+01]
 [7.14000000e+02 1.03400000e+03 4.72520664e-03 7.80000000e+01]
 [9.55000000e+02 1.03600000e+03 9.13308561e-03 7.90000000e+01]
 [6.96000000e+02 1.12400000e+03 4.98968456e-03 8.00000000e+01]
 [7.17000000e+02 3.85000000e+02 2.13540136e-03 8.10000000e+01]
 [6.33000000e+02 4.56000000e+02 2.32136017e-03 8.20000000e+01]
 [7.68000000e+02 5.41000000e+02 3.48735158e-03 8.30000000e+01]
 [8.20000000e+02 5.84000000e+02 3.33199883e-03 8.40000000e+01]
 [5.82000000e+02 8.53000000e+02 9.66985881e-01 8.50000000e+01]
 [7.06000000e+02 1.12700000e+03 1.82954385e-03 8.60000000e+01]
 [7.06000000e+02 5.52000000e+02 4.18909825e-03 8.70000000e+01]
 [8.73000000e+02 6.25000000e+02 1.18193484e-03 8.80000000e+01]
 [4.56000000e+02 7.11000000e+02 2.77611986e-03 8.90000000e+01]
 [3.58000000e+02 7.75000000e+02 1.50833931e-03 9.00000000e+01]
 [3.59000000e+02 7.76000000e+02 1.50611508e-03 9.10000000e+01]
 [3.60000000e+02 7.77000000e+02 1.50487490e-03 9.20000000e+01]
 [3.61000000e+02 7.78000000e+02 1.50565745e-03 9.30000000e+01]
 [3.62000000e+02 7.79000000e+02 1.50760799e-03 9.40000000e+01]
 [3.65000000e+02 7.82000000e+02 1.50846096e-03 9.50000000e+01]
 [3.66000000e+02 7.83000000e+02 1.50632870e-03 9.60000000e+01]
 [9.55000000e+02 8.77000000e+02 6.72942959e-03 9.70000000e+01]
 [1.06500000e+03 9.64000000e+02 2.81339302e-03 9.80000000e+01]
 [5.34000000e+02 1.03200000e+03 8.77195656e-01 9.90000000e+01]
 [9.60000000e+02 1.04000000e+03 2.50857207e-03 1.00000000e+02]
 [7.77000000e+02 1.09800000e+03 8.69546365e-03 1.01000000e+02]
 [1.06500000e+03 1.13300000e+03 1.04191317e-03 1.02000000e+02]
 [5.27000000e+02 5.42000000e+02 1.54922751e-03 1.03000000e+02]
 [7.67000000e+02 5.44000000e+02 6.36044191e-03 1.04000000e+02]
 [8.82000000e+02 6.63000000e+02 1.97367370e-03 1.05000000e+02]
 [7.06000000e+02 7.84000000e+02 5.28832478e-03 1.06000000e+02]
 [4.63000000e+02 7.91000000e+02 4.70528472e-03 1.07000000e+02]
 [9.58000000e+02 8.73000000e+02 1.41314417e-03 1.08000000e+02]
 [3.82000000e+02 8.79000000e+02 4.11606673e-03 1.09000000e+02]
 [6.26000000e+02 8.86000000e+02 3.13605764e-03 1.10000000e+02]
 [1.07900000e+03 1.14900000e+03 3.97423794e-03 1.11000000e+02]
 [1.03600000e+03 1.15000000e+03 4.05387534e-03 1.12000000e+02]
 [4.67000000e+02 1.18800000e+03 8.31401110e-01 1.13000000e+02]
 [7.80000000e+02 1.18800000e+03 5.08800074e-02 1.14000000e+02]
 [2.27000000e+02 1.27500000e+03 3.00807180e-03 1.15000000e+02]
 [1.06500000e+03 1.90500000e+03 1.02163805e-03 1.16000000e+02]
 [6.38000000e+02 4.55000000e+02 2.85800034e-03 1.17000000e+02]
 [6.37000000e+02 4.56000000e+02 2.85969675e-03 1.18000000e+02]
 [7.94000000e+02 5.33000000e+02 3.43047036e-03 1.19000000e+02]
 [8.85000000e+02 6.10000000e+02 2.79586203e-03 1.20000000e+02]
 [8.75000000e+02 6.24000000e+02 2.72666826e-03 1.21000000e+02]
 [8.74000000e+02 6.25000000e+02 2.74066976e-03 1.22000000e+02]
 [8.72000000e+02 6.26000000e+02 2.75491946e-03 1.23000000e+02]
 [3.75000000e+02 8.03000000e+02 1.63616193e-03 1.24000000e+02]
 [4.69000000e+02 8.17000000e+02 7.96750374e-03 1.25000000e+02]
 [4.68000000e+02 8.22000000e+02 8.01891088e-03 1.26000000e+02]
 [9.43000000e+02 8.44000000e+02 4.91613429e-03 1.27000000e+02]
 [7.04000000e+02 8.55000000e+02 9.47934866e-01 1.28000000e+02]
 [9.03000000e+02 1.06600000e+03 1.55733293e-03 1.29000000e+02]
 [6.65000000e+02 1.12000000e+03 3.83157586e-03 1.30000000e+02]
 [5.71000000e+02 1.12100000e+03 3.91325681e-03 1.31000000e+02]
 [6.00000000e+02 1.19000000e+03 1.62750133e-03 1.32000000e+02]
 [6.21000000e+02 1.20100000e+03 1.67051633e-03 1.33000000e+02]
 [8.72000000e+02 1.23500000e+03 2.29343423e-03 1.34000000e+02]
 [1.40000000e+01 1.40000000e+01 1.55367295e-03 1.35000000e+02]
 [6.15000000e+02 5.47000000e+02 5.13191614e-03 1.36000000e+02]
 [8.72000000e+02 7.10000000e+02 1.62514369e-03 1.37000000e+02]
 [6.99000000e+02 7.13000000e+02 2.64462805e-03 1.38000000e+02]
 [8.00000000e+02 1.01200000e+03 8.95037234e-01 1.39000000e+02]
 [5.53000000e+02 1.04000000e+03 3.16718011e-03 1.40000000e+02]
 [9.27000000e+02 1.37700000e+03 1.80645671e-03 1.41000000e+02]
 [9.26000000e+02 1.37800000e+03 1.80517253e-03 1.42000000e+02]
 [1.40000000e+01 1.40000000e+01 1.13697629e-03 1.43000000e+02]
 [7.08000000e+02 4.51000000e+02 3.93140269e-03 1.44000000e+02]
 [5.48000000e+02 4.53000000e+02 1.12529076e-03 1.45000000e+02]
 [7.84000000e+02 7.96000000e+02 4.80435509e-03 1.46000000e+02]
 [5.50000000e+02 8.77000000e+02 1.71738327e-03 1.47000000e+02]
 [8.63000000e+02 8.81000000e+02 4.14705696e-03 1.48000000e+02]
 [7.07000000e+02 8.83000000e+02 6.79967646e-03 1.49000000e+02]
 [5.53000000e+02 1.11800000e+03 1.25636552e-02 1.50000000e+02]
 [4.69000000e+02 1.12600000e+03 6.90687448e-03 1.51000000e+02]
 [8.10000000e+02 1.18100000e+03 7.18223274e-01 1.52000000e+02]
 [5.52000000e+02 1.28700000e+03 1.11463736e-03 1.53000000e+02]
 [7.57000000e+02 2.16000000e+02 1.15236407e-03 1.54000000e+02]
 [4.63000000e+02 4.69000000e+02 2.13558064e-03 1.55000000e+02]
 [7.34000000e+02 4.86000000e+02 7.43900120e-01 1.56000000e+02]
 [9.84000000e+02 6.74000000e+02 1.25662144e-03 1.57000000e+02]
 [1.06500000e+03 7.73000000e+02 1.83673226e-03 1.58000000e+02]
 [4.56000000e+02 1.20700000e+03 1.01519162e-02 1.59000000e+02]
 [7.86000000e+02 1.22800000e+03 1.91300444e-03 1.60000000e+02]
 [1.06500000e+03 2.08000000e+02 1.44384895e-03 1.61000000e+02]
 [7.56000000e+02 4.88000000e+02 3.83845687e-01 1.62000000e+02]
 [5.43000000e+02 6.13000000e+02 1.66166911e-03 1.63000000e+02]
 [5.15000000e+02 6.47000000e+02 2.44004466e-03 1.64000000e+02]
 [6.03000000e+02 7.40000000e+02 1.85461133e-03 1.65000000e+02]
 [1.06500000e+03 7.77000000e+02 2.26441445e-03 1.66000000e+02]
 [4.59000000e+02 8.28000000e+02 1.69110135e-03 1.67000000e+02]
 [7.89000000e+02 8.77000000e+02 2.10452382e-03 1.68000000e+02]
 [7.06000000e+02 1.29300000e+03 2.33324943e-03 1.69000000e+02]
 [6.74000000e+02 4.84000000e+02 7.45314538e-01 1.70000000e+02]
 [9.45000000e+02 5.22000000e+02 5.95935108e-03 1.71000000e+02]
 [3.74000000e+02 5.43000000e+02 1.35465537e-03 1.72000000e+02]
 [9.58000000e+02 6.90000000e+02 1.54629885e-03 1.73000000e+02]
 [9.60000000e+02 6.92000000e+02 1.54467125e-03 1.74000000e+02]
 [9.61000000e+02 6.93000000e+02 1.54482306e-03 1.75000000e+02]
 [9.62000000e+02 6.94000000e+02 1.54521689e-03 1.76000000e+02]
 [9.63000000e+02 6.95000000e+02 1.54589687e-03 1.77000000e+02]
 [1.06500000e+03 7.71000000e+02 1.48664415e-03 1.78000000e+02]
 [7.61000000e+02 9.67000000e+02 3.59771750e-03 1.79000000e+02]
 [7.93000000e+02 1.10900000e+03 1.92631967e-03 1.80000000e+02]
 [5.39000000e+02 1.21000000e+03 4.61225165e-03 1.81000000e+02]
 [9.34000000e+02 4.43000000e+02 2.40086555e-03 1.82000000e+02]
 [9.35000000e+02 4.46000000e+02 2.40309630e-03 1.83000000e+02]
 [9.36000000e+02 4.48000000e+02 2.40436220e-03 1.84000000e+02]
 [9.37000000e+02 4.51000000e+02 2.40380340e-03 1.85000000e+02]
 [9.44000000e+02 4.67000000e+02 2.42739380e-03 1.86000000e+02]
 [4.15000000e+02 5.29000000e+02 1.03012600e-03 1.87000000e+02]
 [4.14000000e+02 5.30000000e+02 1.03038840e-03 1.88000000e+02]
 [7.66000000e+02 5.44000000e+02 2.32716575e-02 1.89000000e+02]
 [9.41000000e+02 6.03000000e+02 1.78751885e-03 1.90000000e+02]
 [9.40000000e+02 6.05000000e+02 1.78688322e-03 1.91000000e+02]
 [9.39000000e+02 6.07000000e+02 1.78821746e-03 1.92000000e+02]
 [9.34000000e+02 6.15000000e+02 1.79503905e-03 1.93000000e+02]
 [9.33000000e+02 6.16000000e+02 1.79329305e-03 1.94000000e+02]
 [9.32000000e+02 6.17000000e+02 1.79099082e-03 1.95000000e+02]
 [9.30000000e+02 6.18000000e+02 1.78862968e-03 1.96000000e+02]
 [7.66000000e+02 9.61000000e+02 1.94895733e-03 1.97000000e+02]
 [7.99000000e+02 1.10700000e+03 1.08347496e-03 1.98000000e+02]]