[[6.66000000e+02 4.91000000e+02 8.81237388e-01 0.00000000e+00]
 [6.47000000e+02 5.72000000e+02 9.22223508e-01 1.00000000e+00]
 [5.68000000e+02 5.64000000e+02 9.32295263e-01 2.00000000e+00]
 [5.76000000e+02 6.84000000e+02 6.97058141e-01 3.00000000e+00]
 [7.24000000e+02 5.70000000e+02 9.14220989e-01 4.00000000e+00]
 [7.67000000e+02 6.92000000e+02 8.59407902e-01 5.00000000e+00]
 [7.73000000e+02 7.78000000e+02 8.68311048e-01 6.00000000e+00]
 [5.84000000e+02 8.44000000e+02 9.41644549e-01 7.00000000e+00]
 [5.32000000e+02 1.03400000e+03 9.22751784e-01 8.00000000e+00]
 [4.60000000e+02 1.21000000e+03 8.57178807e-01 9.00000000e+00]
 [7.04000000e+02 8.41000000e+02 9.31742609e-01 1.00000000e+01]
 [7.93000000e+02 1.00700000e+03 8.78007591e-01 1.10000000e+01]
 [8.24000000e+02 1.16300000e+03 6.90815330e-01 1.20000000e+01]
 [6.50000000e+02 4.70000000e+02 9.12791789e-01 1.30000000e+01]
 [6.86000000e+02 4.72000000e+02 9.03272688e-01 1.40000000e+01]
 [6.21000000e+02 4.71000000e+02 8.03570092e-01 1.50000000e+01]]