[[7.39000000e+02 5.32000000e+02 7.16475368e-01 0.00000000e+00]
 [6.57000000e+02 5.83000000e+02 9.04649258e-01 1.00000000e+00]
 [5.97000000e+02 5.71000000e+02 8.94742310e-01 2.00000000e+00]
 [6.31000000e+02 6.93000000e+02 7.85729408e-01 3.00000000e+00]
 [7.28000000e+02 5.77000000e+02 5.91720760e-01 4.00000000e+00]
 [7.26000000e+02 5.93000000e+02 8.82437885e-01 5.00000000e+00]
 [7.47000000e+02 7.20000000e+02 8.23256493e-01 6.00000000e+00]
 [7.76000000e+02 8.09000000e+02 7.04905152e-01 7.00000000e+00]
 [5.51000000e+02 8.34000000e+02 9.71192420e-01 8.00000000e+00]
 [5.22000000e+02 1.03200000e+03 8.39859903e-01 9.00000000e+00]
 [4.62000000e+02 1.18600000e+03 8.07218492e-01 1.00000000e+01]
 [6.66000000e+02 8.38000000e+02 9.27592039e-01 1.10000000e+01]
 [7.69000000e+02 9.92000000e+02 9.31468070e-01 1.20000000e+01]
 [7.89000000e+02 1.17500000e+03 7.98237145e-01 1.30000000e+01]
 [7.28000000e+02 5.13000000e+02 7.03227103e-01 1.40000000e+01]
 [6.72000000e+02 5.00000000e+02 7.39093840e-01 1.50000000e+01]]