[[7.15000000e+02 5.00000000e+02 8.83840203e-01 0.00000000e+00]
 [6.66000000e+02 5.76000000e+02 9.15418565e-01 1.00000000e+00]
 [5.76000000e+02 5.60000000e+02 8.84044826e-01 2.00000000e+00]
 [5.40000000e+02 6.94000000e+02 5.24196684e-01 3.00000000e+00]
 [7.57000000e+02 5.94000000e+02 9.15187478e-01 4.00000000e+00]
 [7.77000000e+02 7.30000000e+02 8.79201114e-01 5.00000000e+00]
 [7.70000000e+02 8.10000000e+02 8.16496551e-01 6.00000000e+00]
 [5.58000000e+02 8.29000000e+02 9.41616893e-01 7.00000000e+00]
 [5.29000000e+02 1.02100000e+03 9.15857434e-01 8.00000000e+00]
 [4.68000000e+02 1.18200000e+03 8.33222866e-01 9.00000000e+00]
 [6.92000000e+02 8.42000000e+02 8.86535943e-01 1.00000000e+01]
 [7.69000000e+02 9.93000000e+02 9.14141297e-01 1.10000000e+01]
 [7.88000000e+02 1.17400000e+03 8.12542200e-01 1.20000000e+01]
 [6.99000000e+02 4.76000000e+02 8.99815083e-01 1.30000000e+01]
 [7.30000000e+02 4.79000000e+02 8.61524582e-01 1.40000000e+01]
 [6.48000000e+02 4.71000000e+02 8.56962085e-01 1.50000000e+01]]