[[1.40000000e+01 2.04000000e+02 1.39337732e-03 0.00000000e+00]
 [5.96000000e+02 5.18000000e+02 8.94429624e-01 1.00000000e+00]
 [2.91000000e+02 5.49000000e+02 2.10058782e-03 2.00000000e+00]
 [9.24000000e+02 6.56000000e+02 1.33244542e-03 3.00000000e+00]
 [4.65000000e+02 7.92000000e+02 2.36157258e-03 4.00000000e+00]
 [7.84000000e+02 7.92000000e+02 4.87151416e-03 5.00000000e+00]
 [6.43000000e+02 1.04800000e+03 1.06516969e-03 6.00000000e+00]
 [7.79000000e+02 1.05000000e+03 2.12463783e-03 7.00000000e+00]
 [4.57000000e+02 1.21000000e+03 1.03829231e-03 8.00000000e+00]
 [3.89000000e+02 5.52000000e+02 8.77548568e-03 9.00000000e+00]
 [6.10000000e+02 5.74000000e+02 9.34724331e-01 1.00000000e+01]
 [6.03000000e+02 8.75000000e+02 1.84242474e-03 1.10000000e+01]
 [5.39000000e+02 9.49000000e+02 2.11910321e-03 1.20000000e+01]
 [7.27000000e+02 9.60000000e+02 1.90414034e-03 1.30000000e+01]
 [7.67000000e+02 1.40000000e+01 1.85077754e-03 1.40000000e+01]
 [1.06500000e+03 1.40000000e+01 1.62757898e-03 1.50000000e+01]
 [4.59000000e+02 1.25000000e+02 1.90261495e-03 1.60000000e+01]
 [8.69000000e+02 1.95000000e+02 1.06286467e-03 1.70000000e+01]
 [8.70000000e+02 1.96000000e+02 1.06379436e-03 1.80000000e+01]
 [7.89000000e+02 3.75000000e+02 3.08372779e-03 1.90000000e+01]
 [8.70000000e+02 5.22000000e+02 2.51302193e-03 2.00000000e+01]
 [5.17000000e+02 5.80000000e+02 9.19679940e-01 2.10000000e+01]
 [3.10000000e+02 5.91000000e+02 1.95367411e-02 2.20000000e+01]
 [7.83000000e+02 6.16000000e+02 7.38405809e-03 2.30000000e+01]
 [8.92000000e+02 7.41000000e+02 1.38671952e-03 2.40000000e+01]
 [4.46000000e+02 8.64000000e+02 5.41411806e-03 2.50000000e+01]
 [5.37000000e+02 9.63000000e+02 2.42624385e-03 2.60000000e+01]
 [7.37000000e+02 9.72000000e+02 3.53006320e-03 2.70000000e+01]
 [3.77000000e+02 3.80000000e+02 2.48616934e-03 2.80000000e+01]
 [5.42000000e+02 3.98000000e+02 3.65637918e-03 2.90000000e+01]
 [7.85000000e+02 6.30000000e+02 7.64396880e-03 3.00000000e+01]
 [7.86000000e+02 6.31000000e+02 7.64626078e-03 3.10000000e+01]
 [6.94000000e+02 6.36000000e+02 9.41819325e-03 3.20000000e+01]
 [2.21000000e+02 6.78000000e+02 5.13354782e-03 3.30000000e+01]
 [4.56000000e+02 6.92000000e+02 8.91403854e-01 3.40000000e+01]
 [2.27000000e+02 7.60000000e+02 4.78279963e-03 3.50000000e+01]
 [2.28000000e+02 7.64000000e+02 4.74923709e-03 3.60000000e+01]
 [6.94000000e+02 7.80000000e+02 1.06237363e-02 3.70000000e+01]
 [7.78000000e+02 7.88000000e+02 5.57020959e-03 3.80000000e+01]
 [4.66000000e+02 9.38000000e+02 4.95074969e-03 3.90000000e+01]
 [7.89000000e+02 9.60000000e+02 1.23157341e-03 4.00000000e+01]
 [8.71000000e+02 1.14300000e+03 1.29811419e-03 4.10000000e+01]
 [1.40000000e+01 1.40000000e+01 1.95421115e-03 4.20000000e+01]
 [1.40000000e+01 2.09000000e+02 1.61605515e-03 4.30000000e+01]
 [7.87000000e+02 5.42000000e+02 1.64359168e-03 4.40000000e+01]
 [4.83000000e+02 6.31000000e+02 6.84895813e-01 4.50000000e+01]
 [2.21000000e+02 6.39000000e+02 2.27237167e-03 4.60000000e+01]
 [7.88000000e+02 8.63000000e+02 2.41993996e-03 4.70000000e+01]
 [4.96000000e+02 9.40000000e+02 6.11481117e-03 4.80000000e+01]
 [4.99000000e+02 9.41000000e+02 6.12076884e-03 4.90000000e+01]
 [5.05000000e+02 9.42000000e+02 6.11613225e-03 5.00000000e+01]
 [5.48000000e+02 1.03200000e+03 3.11265793e-03 5.10000000e+01]
 [7.98000000e+02 1.12900000e+03 2.56601162e-03 5.20000000e+01]
 [6.24000000e+02 1.13900000e+03 2.19654664e-03 5.30000000e+01]
 [6.25000000e+02 1.14100000e+03 2.19499134e-03 5.40000000e+01]
 [3.00000000e+02 1.21200000e+03 2.98473006e-03 5.50000000e+01]
 [4.80000000e+02 1.37500000e+03 3.31853214e-03 5.60000000e+01]
 [7.62000000e+02 1.40000000e+01 1.87677832e-03 5.70000000e+01]
 [1.06500000e+03 1.40000000e+01 1.70317537e-03 5.80000000e+01]
 [4.58000000e+02 1.25000000e+02 2.11957120e-03 5.90000000e+01]
 [8.38000000e+02 1.58000000e+02 1.05896511e-03 6.00000000e+01]
 [8.70000000e+02 1.97000000e+02 1.21345941e-03 6.10000000e+01]
 [7.01000000e+02 5.65000000e+02 9.13725197e-01 6.20000000e+01]
 [4.74000000e+02 5.69000000e+02 1.86979361e-02 6.30000000e+01]
 [9.39000000e+02 5.86000000e+02 5.13730012e-03 6.40000000e+01]
 [3.81000000e+02 6.23000000e+02 4.05894825e-03 6.50000000e+01]
 [9.74000000e+02 7.35000000e+02 1.47156627e-03 6.60000000e+01]
 [3.73000000e+02 7.93000000e+02 2.45637167e-03 6.70000000e+01]
 [8.65000000e+02 8.70000000e+02 2.58490257e-03 6.80000000e+01]
 [5.39000000e+02 1.01300000e+03 2.20169453e-03 6.90000000e+01]
 [7.79000000e+02 1.02100000e+03 3.48342210e-03 7.00000000e+01]
 [6.27000000e+02 1.18100000e+03 1.41147850e-03 7.10000000e+01]
 [1.40000000e+01 1.25000000e+02 1.48067623e-03 7.20000000e+01]
 [5.39000000e+02 3.71000000e+02 1.00658170e-03 7.30000000e+01]
 [5.93000000e+02 4.30000000e+02 1.36700843e-03 7.40000000e+01]
 [7.70000000e+02 6.88000000e+02 9.44656074e-01 7.50000000e+01]
 [5.53000000e+02 6.89000000e+02 1.61573328e-02 7.60000000e+01]
 [3.73000000e+02 7.92000000e+02 3.45653715e-03 7.70000000e+01]
 [7.93000000e+02 9.49000000e+02 4.24261112e-03 7.80000000e+01]
 [6.22000000e+02 1.05400000e+03 1.39733159e-03 7.90000000e+01]
 [6.32000000e+02 1.19900000e+03 1.86037505e-03 8.00000000e+01]
 [4.56000000e+02 1.21100000e+03 1.87613757e-03 8.10000000e+01]
 [1.40000000e+01 1.40000000e+01 2.20908318e-03 8.20000000e+01]
 [1.40000000e+01 2.07000000e+02 1.91313622e-03 8.30000000e+01]
 [8.74000000e+02 4.55000000e+02 1.35821465e-03 8.40000000e+01]
 [4.67000000e+02 4.59000000e+02 4.97112097e-03 8.50000000e+01]
 [9.34000000e+02 7.35000000e+02 1.35954116e-02 8.60000000e+01]
 [3.72000000e+02 7.42000000e+02 4.50741127e-03 8.70000000e+01]
 [7.17000000e+02 7.72000000e+02 9.37038898e-01 8.80000000e+01]
 [6.21000000e+02 1.04600000e+03 2.06963718e-03 8.90000000e+01]
 [9.56000000e+02 1.12100000e+03 3.80307157e-03 9.00000000e+01]
 [6.29000000e+02 1.12500000e+03 2.80273822e-03 9.10000000e+01]
 [1.40000000e+01 1.40000000e+01 2.66074808e-03 9.20000000e+01]
 [6.27000000e+02 5.47000000e+02 2.15551467e-03 9.30000000e+01]
 [7.76000000e+02 6.33000000e+02 3.75288213e-03 9.40000000e+01]
 [3.01000000e+02 8.03000000e+02 2.89445790e-03 9.50000000e+01]
 [5.49000000e+02 8.35000000e+02 9.42431867e-01 9.60000000e+01]
 [7.78000000e+02 8.72000000e+02 1.72727387e-02 9.70000000e+01]
 [9.53000000e+02 1.40000000e+01 1.03969942e-03 9.80000000e+01]
 [6.28000000e+02 5.43000000e+02 5.51320612e-03 9.90000000e+01]
 [7.78000000e+02 5.44000000e+02 2.02619401e-03 1.00000000e+02]
 [5.38000000e+02 6.44000000e+02 1.50343764e-03 1.01000000e+02]
 [5.40000000e+02 7.09000000e+02 1.94337487e-03 1.02000000e+02]
 [3.73000000e+02 7.14000000e+02 3.79032292e-03 1.03000000e+02]
 [6.96000000e+02 8.02000000e+02 7.75426533e-03 1.04000000e+02]
 [7.75000000e+02 9.58000000e+02 1.96518074e-03 1.05000000e+02]
 [9.55000000e+02 9.75000000e+02 3.15216673e-03 1.06000000e+02]
 [5.23000000e+02 1.02300000e+03 8.45492125e-01 1.07000000e+02]
 [5.45000000e+02 1.27700000e+03 5.77380136e-03 1.08000000e+02]
 [4.57000000e+02 1.37800000e+03 1.59298128e-03 1.09000000e+02]
 [1.40000000e+01 1.40000000e+01 1.61065883e-03 1.10000000e+02]
 [6.43000000e+02 6.08000000e+02 3.67568224e-03 1.11000000e+02]
 [2.86000000e+02 7.01000000e+02 1.47893629e-03 1.12000000e+02]
 [4.56000000e+02 7.21000000e+02 3.54003813e-03 1.13000000e+02]
 [7.04000000e+02 7.94000000e+02 4.95978398e-03 1.14000000e+02]
 [6.26000000e+02 8.78000000e+02 5.92640275e-03 1.15000000e+02]
 [3.80000000e+02 8.80000000e+02 1.01774950e-02 1.16000000e+02]
 [9.56000000e+02 1.13800000e+03 2.07423535e-03 1.17000000e+02]
 [7.76000000e+02 1.18900000e+03 1.06323706e-02 1.18000000e+02]
 [4.74000000e+02 1.20300000e+03 8.44074726e-01 1.19000000e+02]
 [9.52000000e+02 1.28800000e+03 2.80197873e-03 1.20000000e+02]
 [5.26000000e+02 1.44100000e+03 6.23849174e-03 1.21000000e+02]
 [1.40000000e+01 1.40000000e+01 2.75182608e-03 1.22000000e+02]
 [6.53000000e+02 5.48000000e+02 1.68305263e-03 1.23000000e+02]
 [8.93000000e+02 6.09000000e+02 2.07437039e-03 1.24000000e+02]
 [3.75000000e+02 7.68000000e+02 5.46576828e-03 1.25000000e+02]
 [9.47000000e+02 8.23000000e+02 1.83102908e-03 1.26000000e+02]
 [6.89000000e+02 8.24000000e+02 8.91013741e-01 1.27000000e+02]
 [4.77000000e+02 8.33000000e+02 2.06537452e-02 1.28000000e+02]
 [5.02000000e+02 1.11800000e+03 2.57686852e-03 1.29000000e+02]
 [6.10000000e+02 1.13600000e+03 3.64979007e-03 1.30000000e+02]
 [8.45000000e+02 1.23700000e+03 2.00264808e-03 1.31000000e+02]
 [1.40000000e+01 1.40000000e+01 2.42251810e-03 1.32000000e+02]
 [1.40000000e+01 2.60000000e+02 1.81071181e-03 1.33000000e+02]
 [5.42000000e+02 5.55000000e+02 2.92009860e-03 1.34000000e+02]
 [7.03000000e+02 5.96000000e+02 5.31719765e-03 1.35000000e+02]
 [4.66000000e+02 6.24000000e+02 3.30857956e-03 1.36000000e+02]
 [8.85000000e+02 6.89000000e+02 2.41803448e-03 1.37000000e+02]
 [4.52000000e+02 8.72000000e+02 4.92525613e-03 1.38000000e+02]
 [7.60000000e+02 9.92000000e+02 9.17867780e-01 1.39000000e+02]
 [7.88000000e+02 1.29000000e+03 1.63333502e-03 1.40000000e+02]
 [9.55000000e+02 1.32600000e+03 3.27606895e-03 1.41000000e+02]
 [8.16000000e+02 1.40700000e+03 2.04060413e-03 1.42000000e+02]
 [1.40000000e+01 1.40000000e+01 2.85655470e-03 1.43000000e+02]
 [1.40000000e+01 1.86000000e+02 1.47303881e-03 1.44000000e+02]
 [1.40000000e+01 2.58000000e+02 1.46178156e-03 1.45000000e+02]
 [5.38000000e+02 4.70000000e+02 2.37797038e-03 1.46000000e+02]
 [5.39000000e+02 4.71000000e+02 2.37730797e-03 1.47000000e+02]
 [6.97000000e+02 5.42000000e+02 3.42289987e-03 1.48000000e+02]
 [4.46000000e+02 6.42000000e+02 2.19068071e-03 1.49000000e+02]
 [6.94000000e+02 7.93000000e+02 3.13286926e-03 1.50000000e+02]
 [3.74000000e+02 8.73000000e+02 4.31238394e-03 1.51000000e+02]
 [5.40000000e+02 8.75000000e+02 2.83688377e-03 1.52000000e+02]
 [8.71000000e+02 8.79000000e+02 3.28121497e-03 1.53000000e+02]
 [5.50000000e+02 1.11500000e+03 1.94095029e-03 1.54000000e+02]
 [5.49000000e+02 1.11800000e+03 1.96117070e-03 1.55000000e+02]
 [7.91000000e+02 1.17800000e+03 8.15347791e-01 1.56000000e+02]
 [1.02100000e+03 1.20100000e+03 5.00528840e-03 1.57000000e+02]
 [5.72000000e+02 4.92000000e+02 8.79403651e-01 1.58000000e+02]
 [2.91000000e+02 5.45000000e+02 1.35888637e-03 1.59000000e+02]
 [5.33000000e+02 7.90000000e+02 5.57522057e-03 1.60000000e+02]
 [7.99000000e+02 8.16000000e+02 1.00497564e-03 1.61000000e+02]
 [6.23000000e+02 9.77000000e+02 1.24027056e-03 1.62000000e+02]
 [4.58000000e+02 1.21000000e+03 1.22712813e-02 1.63000000e+02]
 [7.88000000e+02 1.21200000e+03 3.26123321e-03 1.64000000e+02]
 [8.54000000e+02 4.63000000e+02 5.19508636e-03 1.65000000e+02]
 [3.92000000e+02 4.70000000e+02 1.19008925e-02 1.66000000e+02]
 [6.15000000e+02 4.93000000e+02 8.83076310e-01 1.67000000e+02]
 [2.90000000e+02 5.46000000e+02 1.29368552e-03 1.68000000e+02]
 [8.93000000e+02 6.58000000e+02 1.08672050e-03 1.69000000e+02]
 [7.68000000e+02 7.89000000e+02 3.82318953e-03 1.70000000e+02]
 [4.47000000e+02 9.29000000e+02 1.23192032e-03 1.71000000e+02]
 [7.76000000e+02 4.65000000e+02 4.37797559e-03 1.72000000e+02]
 [5.46000000e+02 4.90000000e+02 6.50795519e-01 1.73000000e+02]
 [2.99000000e+02 4.96000000e+02 2.48025195e-03 1.74000000e+02]
 [7.80000000e+02 7.02000000e+02 2.46248045e-03 1.75000000e+02]
 [7.79000000e+02 7.03000000e+02 2.46176682e-03 1.76000000e+02]
 [7.58000000e+02 7.21000000e+02 2.45640893e-03 1.77000000e+02]
 [4.51000000e+02 7.91000000e+02 1.48626114e-03 1.78000000e+02]
 [7.06000000e+02 9.66000000e+02 3.20327771e-03 1.79000000e+02]
 [7.91000000e+02 1.11300000e+03 2.01213360e-03 1.80000000e+02]
 [6.37000000e+02 4.80000000e+02 7.12939978e-01 1.81000000e+02]
 [3.78000000e+02 5.33000000e+02 2.94315582e-03 1.82000000e+02]
 [5.26000000e+02 7.87000000e+02 1.27911614e-03 1.83000000e+02]
 [7.16000000e+02 9.70000000e+02 1.88127649e-03 1.84000000e+02]
 [7.88000000e+02 1.09600000e+03 1.43416377e-03 1.85000000e+02]]