[[4.57000000e+02 5.13000000e+02 1.67819904e-03 0.00000000e+00]
 [7.88000000e+02 5.27000000e+02 7.52875566e-01 1.00000000e+00]
 [5.51000000e+02 5.32000000e+02 6.62466418e-03 2.00000000e+00]
 [1.02400000e+03 5.41000000e+02 7.89731462e-03 3.00000000e+00]
 [3.92000000e+02 5.70000000e+02 1.02730026e-03 4.00000000e+00]
 [3.91000000e+02 5.73000000e+02 1.02734426e-03 5.00000000e+00]
 [3.90000000e+02 5.75000000e+02 1.02707779e-03 6.00000000e+00]
 [3.89000000e+02 5.78000000e+02 1.02650991e-03 7.00000000e+00]
 [3.87000000e+02 5.82000000e+02 1.02722982e-03 8.00000000e+00]
 [1.07900000e+03 7.09000000e+02 1.66111602e-03 9.00000000e+00]
 [1.06500000e+03 7.12000000e+02 1.66274013e-03 1.00000000e+01]
 [1.06500000e+03 8.66000000e+02 1.16239570e-03 1.10000000e+01]
 [5.33000000e+02 8.68000000e+02 1.44332426e-03 1.20000000e+01]
 [6.81000000e+02 1.04500000e+03 1.22802937e-03 1.30000000e+01]
 [8.54000000e+02 1.12100000e+03 1.21217349e-03 1.40000000e+01]
 [5.00000000e+02 1.20600000e+03 3.50540876e-03 1.50000000e+01]
 [7.25000000e+02 5.96000000e+02 9.16193962e-01 1.60000000e+01]
 [4.64000000e+02 6.25000000e+02 1.98134501e-03 1.70000000e+01]
 [1.03700000e+03 6.55000000e+02 1.14221300e-03 1.80000000e+01]
 [7.06000000e+02 8.73000000e+02 4.27074730e-03 1.90000000e+01]
 [6.22000000e+02 9.62000000e+02 2.80513009e-03 2.00000000e+01]
 [7.99000000e+02 1.40000000e+01 2.09819432e-03 2.10000000e+01]
 [9.36000000e+02 1.40000000e+01 1.54098985e-03 2.20000000e+01]
 [8.77000000e+02 9.30000000e+01 1.46286818e-03 2.30000000e+01]
 [7.89000000e+02 2.09000000e+02 2.12418567e-03 2.40000000e+01]
 [6.50000000e+02 6.00000000e+02 8.65493298e-01 2.50000000e+01]
 [1.03900000e+03 6.77000000e+02 5.22938929e-03 2.60000000e+01]
 [1.06500000e+03 6.91000000e+02 5.24794031e-03 2.70000000e+01]
 [4.38000000e+02 8.13000000e+02 1.40247412e-03 2.80000000e+01]
 [7.07000000e+02 8.76000000e+02 1.16949645e-03 2.90000000e+01]
 [5.38000000e+02 8.77000000e+02 7.15522468e-03 3.00000000e+01]
 [6.00000000e+02 9.54000000e+02 1.81688240e-03 3.10000000e+01]
 [8.80000000e+02 9.60000000e+02 1.78507855e-03 3.20000000e+01]
 [6.24000000e+02 9.82000000e+02 1.96197978e-03 3.30000000e+01]
 [7.87000000e+02 1.05400000e+03 2.03792728e-03 3.40000000e+01]
 [4.58000000e+02 1.37700000e+03 2.04223674e-03 3.50000000e+01]
 [6.12000000e+02 6.58000000e+02 4.12591934e-01 3.60000000e+01]
 [1.07900000e+03 7.28000000e+02 2.39221496e-03 3.70000000e+01]
 [5.39000000e+02 1.04200000e+03 5.44325355e-03 3.80000000e+01]
 [7.68000000e+02 1.04200000e+03 1.13504659e-03 3.90000000e+01]
 [9.02000000e+02 1.21400000e+03 1.28966372e-03 4.00000000e+01]
 [3.77000000e+02 4.96000000e+02 1.51981600e-03 4.10000000e+01]
 [6.85000000e+02 5.56000000e+02 2.59444952e-01 4.20000000e+01]
 [9.51000000e+02 7.08000000e+02 4.33349283e-03 4.30000000e+01]
 [1.07900000e+03 7.20000000e+02 2.19617877e-03 4.40000000e+01]
 [6.83000000e+02 7.90000000e+02 8.54445621e-02 4.50000000e+01]
 [1.06500000e+03 8.46000000e+02 1.81222917e-03 4.60000000e+01]
 [6.67000000e+02 8.53000000e+02 9.40439627e-02 4.70000000e+01]
 [5.51000000e+02 1.03900000e+03 4.04122705e-03 4.80000000e+01]
 [6.44000000e+02 1.12400000e+03 2.10357783e-03 4.90000000e+01]
 [6.55000000e+02 1.19000000e+03 2.29224423e-03 5.00000000e+01]
 [3.75000000e+02 1.20600000e+03 3.13213700e-03 5.10000000e+01]
 [8.79000000e+02 1.21300000e+03 2.81152315e-03 5.20000000e+01]
 [6.14000000e+02 1.37700000e+03 1.21380412e-03 5.30000000e+01]
 [4.60000000e+02 1.38100000e+03 2.84955092e-03 5.40000000e+01]
 [8.00000000e+02 1.40000000e+01 2.19646282e-03 5.50000000e+01]
 [9.33000000e+02 1.40000000e+01 1.51081290e-03 5.60000000e+01]
 [8.75000000e+02 9.90000000e+01 1.62664102e-03 5.70000000e+01]
 [7.89000000e+02 2.09000000e+02 2.38386611e-03 5.80000000e+01]
 [4.58000000e+02 4.74000000e+02 1.98146678e-03 5.90000000e+01]
 [7.98000000e+02 5.95000000e+02 8.80448878e-01 6.00000000e+01]
 [4.60000000e+02 6.24000000e+02 3.34788393e-03 6.10000000e+01]
 [4.78000000e+02 7.11000000e+02 1.74647337e-03 6.20000000e+01]
 [1.07900000e+03 7.72000000e+02 3.97328567e-03 6.30000000e+01]
 [4.50000000e+02 9.53000000e+02 1.31162594e-03 6.40000000e+01]
 [5.71000000e+02 1.04200000e+03 2.43709027e-03 6.50000000e+01]
 [6.12000000e+02 1.21500000e+03 1.04881881e-03 6.60000000e+01]
 [4.58000000e+02 1.37700000e+03 2.61332258e-03 6.70000000e+01]
 [7.66000000e+02 3.80000000e+02 2.17687199e-03 6.80000000e+01]
 [7.26000000e+02 4.71000000e+02 7.08146254e-03 6.90000000e+01]
 [7.23000000e+02 4.72000000e+02 7.05546699e-03 7.00000000e+01]
 [8.38000000e+02 7.02000000e+02 9.00958359e-01 7.10000000e+01]
 [5.43000000e+02 7.11000000e+02 1.30221411e-03 7.20000000e+01]
 [8.61000000e+02 9.48000000e+02 4.34874604e-03 7.30000000e+01]
 [7.17000000e+02 1.04000000e+03 2.74653966e-03 7.40000000e+01]
 [7.18000000e+02 1.04100000e+03 2.74667307e-03 7.50000000e+01]
 [7.93000000e+02 5.51000000e+02 4.50587049e-02 7.60000000e+01]
 [4.56000000e+02 5.53000000e+02 2.30880035e-03 7.70000000e+01]
 [1.07900000e+03 7.07000000e+02 3.22076911e-03 7.80000000e+01]
 [8.18000000e+02 8.11000000e+02 8.33124101e-01 7.90000000e+01]
 [5.41000000e+02 8.64000000e+02 3.10257194e-03 8.00000000e+01]
 [1.06500000e+03 1.05400000e+03 6.51670899e-03 8.10000000e+01]
 [7.85000000e+02 1.12600000e+03 3.02494736e-03 8.20000000e+01]
 [7.09000000e+02 1.20200000e+03 1.05263898e-03 8.30000000e+01]
 [7.08000000e+02 1.20300000e+03 1.05266762e-03 8.40000000e+01]
 [7.83000000e+02 3.89000000e+02 1.56574917e-03 8.50000000e+01]
 [7.39000000e+02 4.24000000e+02 1.43708708e-03 8.60000000e+01]
 [6.46000000e+02 4.56000000e+02 1.65384065e-03 8.70000000e+01]
 [8.30000000e+02 5.41000000e+02 3.62589257e-03 8.80000000e+01]
 [8.65000000e+02 6.43000000e+02 2.74101947e-03 8.90000000e+01]
 [9.49000000e+02 7.83000000e+02 1.67778996e-03 9.00000000e+01]
 [3.90000000e+02 7.98000000e+02 2.67672585e-03 9.10000000e+01]
 [6.37000000e+02 8.57000000e+02 9.48975027e-01 9.20000000e+01]
 [3.86000000e+02 9.49000000e+02 2.39786226e-03 9.30000000e+01]
 [3.58000000e+02 1.05600000e+03 1.02620956e-03 9.40000000e+01]
 [9.45000000e+02 1.40000000e+01 1.10866793e-03 9.50000000e+01]
 [7.92000000e+02 5.47000000e+02 4.23181802e-03 9.60000000e+01]
 [9.58000000e+02 6.25000000e+02 2.10644118e-03 9.70000000e+01]
 [5.40000000e+02 7.11000000e+02 3.02866334e-03 9.80000000e+01]
 [7.86000000e+02 8.13000000e+02 6.05946966e-03 9.90000000e+01]
 [1.06500000e+03 9.94000000e+02 9.34889819e-03 1.00000000e+02]
 [5.81000000e+02 1.03500000e+03 9.30802941e-01 1.01000000e+02]
 [8.64000000e+02 1.04700000e+03 1.01131555e-02 1.02000000e+02]
 [1.06500000e+03 1.22100000e+03 1.44085137e-03 1.03000000e+02]
 [3.44000000e+02 1.23900000e+03 1.30888540e-03 1.04000000e+02]
 [6.29000000e+02 1.27700000e+03 3.84980394e-03 1.05000000e+02]
 [1.06500000e+03 1.90500000e+03 1.05718384e-03 1.06000000e+02]
 [5.39000000e+02 5.37000000e+02 1.80583727e-03 1.07000000e+02]
 [7.49000000e+02 5.50000000e+02 5.96929621e-03 1.08000000e+02]
 [9.55000000e+02 6.24000000e+02 2.29840376e-03 1.09000000e+02]
 [9.75000000e+02 7.94000000e+02 1.15194556e-03 1.10000000e+02]
 [5.35000000e+02 7.95000000e+02 7.79466331e-03 1.11000000e+02]
 [1.06500000e+03 8.79000000e+02 1.55335478e-03 1.12000000e+02]
 [5.17000000e+02 8.81000000e+02 4.61652456e-03 1.13000000e+02]
 [5.31000000e+02 9.69000000e+02 1.45084755e-02 1.14000000e+02]
 [1.07900000e+03 1.08400000e+03 1.30583271e-02 1.15000000e+02]
 [9.09000000e+02 1.13400000e+03 3.56369205e-02 1.16000000e+02]
 [7.86000000e+02 1.17600000e+03 3.11731026e-02 1.17000000e+02]
 [1.07900000e+03 1.19600000e+03 1.67824309e-02 1.18000000e+02]
 [5.21000000e+02 1.21800000e+03 8.95981193e-01 1.19000000e+02]
 [1.06500000e+03 1.90500000e+03 1.20277214e-03 1.20000000e+02]
 [7.16000000e+02 4.56000000e+02 2.20318860e-03 1.21000000e+02]
 [8.60000000e+02 5.25000000e+02 2.33378937e-03 1.22000000e+02]
 [9.76000000e+02 6.13000000e+02 1.30356243e-03 1.23000000e+02]
 [9.46000000e+02 6.33000000e+02 1.26588228e-03 1.24000000e+02]
 [4.61000000e+02 7.46000000e+02 3.96747654e-03 1.25000000e+02]
 [7.68000000e+02 8.57000000e+02 9.15428460e-01 1.26000000e+02]
 [1.03300000e+03 8.59000000e+02 1.70369563e-03 1.27000000e+02]
 [1.06500000e+03 9.78000000e+02 1.11651467e-03 1.28000000e+02]
 [9.83000000e+02 1.06800000e+03 1.46797171e-03 1.29000000e+02]
 [7.71000000e+02 1.11900000e+03 3.88043607e-03 1.30000000e+02]
 [6.24000000e+02 1.20300000e+03 2.38591875e-03 1.31000000e+02]
 [1.06500000e+03 1.22900000e+03 1.13421504e-03 1.32000000e+02]
 [4.97000000e+02 1.31400000e+03 1.09572092e-03 1.33000000e+02]
 [9.35000000e+02 1.32900000e+03 1.01235230e-03 1.34000000e+02]
 [1.40000000e+01 1.40000000e+01 1.03984738e-03 1.35000000e+02]
 [7.11000000e+02 5.03000000e+02 2.93072453e-03 1.36000000e+02]
 [6.24000000e+02 6.20000000e+02 1.46791560e-03 1.37000000e+02]
 [6.23000000e+02 6.21000000e+02 1.46827556e-03 1.38000000e+02]
 [9.56000000e+02 7.08000000e+02 2.18380895e-03 1.39000000e+02]
 [1.06500000e+03 7.75000000e+02 1.18890603e-03 1.40000000e+02]
 [4.89000000e+02 8.76000000e+02 4.20384388e-03 1.41000000e+02]
 [8.75000000e+02 1.03500000e+03 8.17552388e-01 1.42000000e+02]
 [1.07900000e+03 1.03500000e+03 4.48097587e-02 1.43000000e+02]
 [4.50000000e+02 1.08900000e+03 5.37845492e-03 1.44000000e+02]
 [6.32000000e+02 1.10000000e+03 8.44310783e-03 1.45000000e+02]
 [5.37000000e+02 1.21000000e+03 3.06336209e-03 1.46000000e+02]
 [9.01000000e+02 1.28500000e+03 3.73986643e-03 1.47000000e+02]
 [9.49000000e+02 1.46400000e+03 1.68757758e-03 1.48000000e+02]
 [1.06500000e+03 1.90500000e+03 1.19772786e-03 1.49000000e+02]
 [6.32000000e+02 3.79000000e+02 1.18366291e-03 1.50000000e+02]
 [7.81000000e+02 4.57000000e+02 3.68287927e-03 1.51000000e+02]
 [9.56000000e+02 7.09000000e+02 1.15047337e-03 1.52000000e+02]
 [8.66000000e+02 7.92000000e+02 1.34252210e-03 1.53000000e+02]
 [1.06500000e+03 8.61000000e+02 1.16092584e-03 1.54000000e+02]
 [6.98000000e+02 8.94000000e+02 2.83156009e-03 1.55000000e+02]
 [6.97000000e+02 8.95000000e+02 2.83247908e-03 1.56000000e+02]
 [5.42000000e+02 1.12700000e+03 9.47117805e-03 1.57000000e+02]
 [6.33000000e+02 1.14200000e+03 9.39451810e-03 1.58000000e+02]
 [9.21000000e+02 1.18700000e+03 5.87639272e-01 1.59000000e+02]
 [1.07900000e+03 1.23600000e+03 1.34720936e-01 1.60000000e+02]
 [6.36000000e+02 1.29300000e+03 9.20351315e-03 1.61000000e+02]
 [6.35000000e+02 1.29500000e+03 9.21003520e-03 1.62000000e+02]
 [6.31000000e+02 1.32400000e+03 9.27473232e-03 1.63000000e+02]
 [6.30000000e+02 1.32700000e+03 9.27013066e-03 1.64000000e+02]
 [8.79000000e+02 1.53400000e+03 2.91344151e-03 1.65000000e+02]
 [7.80000000e+02 5.16000000e+02 8.06295991e-01 1.66000000e+02]
 [1.03000000e+03 5.33000000e+02 4.46086004e-03 1.67000000e+02]
 [1.06500000e+03 6.41000000e+02 2.27396889e-03 1.68000000e+02]
 [9.84000000e+02 7.31000000e+02 1.86469709e-03 1.69000000e+02]
 [6.22000000e+02 8.76000000e+02 4.94826818e-03 1.70000000e+02]
 [8.02000000e+02 9.58000000e+02 1.21339480e-03 1.71000000e+02]
 [5.34000000e+02 1.21000000e+03 1.01961214e-02 1.72000000e+02]
 [7.85000000e+02 5.03000000e+02 4.33021277e-01 1.73000000e+02]
 [1.03100000e+03 5.45000000e+02 4.75528091e-03 1.74000000e+02]
 [1.07900000e+03 5.62000000e+02 2.81312619e-03 1.75000000e+02]
 [5.19000000e+02 6.46000000e+02 1.58363057e-03 1.76000000e+02]
 [5.99000000e+02 7.42000000e+02 1.76507374e-03 1.77000000e+02]
 [6.79000000e+02 7.87000000e+02 1.20209204e-03 1.78000000e+02]
 [7.92000000e+02 8.83000000e+02 1.46632513e-03 1.79000000e+02]
 [5.21000000e+02 9.19000000e+02 1.49297947e-03 1.80000000e+02]
 [4.58000000e+02 1.23200000e+03 1.01102958e-03 1.81000000e+02]
 [7.90000000e+02 1.29300000e+03 2.52901786e-03 1.82000000e+02]
 [1.03700000e+03 4.99000000e+02 2.05837912e-03 1.83000000e+02]
 [7.20000000e+02 5.12000000e+02 8.30869198e-01 1.84000000e+02]
 [4.64000000e+02 5.15000000e+02 2.88909255e-03 1.85000000e+02]
 [1.03800000e+03 6.08000000e+02 2.24444969e-03 1.86000000e+02]
 [1.07900000e+03 6.25000000e+02 2.16298876e-03 1.87000000e+02]
 [8.14000000e+02 7.89000000e+02 1.29335362e-03 1.88000000e+02]
 [1.06500000e+03 8.63000000e+02 1.00271858e-03 1.89000000e+02]
 [8.08000000e+02 9.62000000e+02 1.26295676e-03 1.90000000e+02]
 [8.80000000e+02 1.12700000e+03 1.36681774e-03 1.91000000e+02]
 [6.22000000e+02 1.21100000e+03 3.46401357e-03 1.92000000e+02]
 [7.08000000e+02 5.00000000e+02 1.09477080e-01 1.93000000e+02]
 [1.02700000e+03 6.03000000e+02 1.69221277e-03 1.94000000e+02]
 [1.07900000e+03 6.20000000e+02 1.58041087e-03 1.95000000e+02]
 [8.79000000e+02 1.11400000e+03 1.06591720e-03 1.96000000e+02]
 [4.74000000e+02 1.21000000e+03 1.58674666e-03 1.97000000e+02]]