[[4.59000000e+02 4.89000000e+02 2.07684748e-03 0.00000000e+00]
 [7.53000000e+02 5.00000000e+02 8.06390524e-01 1.00000000e+00]
 [1.06500000e+03 6.31000000e+02 3.57484561e-03 2.00000000e+00]
 [7.05000000e+02 7.91000000e+02 1.39784580e-03 3.00000000e+00]
 [8.72000000e+02 7.94000000e+02 4.26548067e-03 4.00000000e+00]
 [5.33000000e+02 8.48000000e+02 1.70980382e-03 5.00000000e+00]
 [1.06500000e+03 8.66000000e+02 1.49167888e-03 6.00000000e+00]
 [9.46000000e+02 1.04200000e+03 3.43679497e-03 7.00000000e+00]
 [5.08000000e+02 1.20200000e+03 1.51550770e-03 8.00000000e+00]
 [5.12000000e+02 3.48000000e+02 1.30510016e-03 9.00000000e+00]
 [7.14000000e+02 5.75000000e+02 9.31955636e-01 1.00000000e+01]
 [9.43000000e+02 5.85000000e+02 7.21776532e-03 1.10000000e+01]
 [4.65000000e+02 6.13000000e+02 3.42030218e-03 1.20000000e+01]
 [8.71000000e+02 8.74000000e+02 2.13439832e-03 1.30000000e+01]
 [5.44000000e+02 8.75000000e+02 1.35149003e-03 1.40000000e+01]
 [7.03000000e+02 8.76000000e+02 1.90181867e-03 1.50000000e+01]
 [6.23000000e+02 9.55000000e+02 1.85466162e-03 1.60000000e+01]
 [8.14000000e+02 1.40000000e+01 2.95177312e-03 1.70000000e+01]
 [8.50000000e+02 3.78000000e+02 2.78867711e-03 1.80000000e+01]
 [9.49000000e+02 5.67000000e+02 5.52978972e-03 1.90000000e+01]
 [6.30000000e+02 5.82000000e+02 8.97800386e-01 2.00000000e+01]
 [3.86000000e+02 5.91000000e+02 3.81931500e-03 2.10000000e+01]
 [8.59000000e+02 5.97000000e+02 1.99329704e-02 2.20000000e+01]
 [1.06500000e+03 6.28000000e+02 7.39701651e-03 2.30000000e+01]
 [5.01000000e+02 8.58000000e+02 2.41349405e-03 2.40000000e+01]
 [6.09000000e+02 9.62000000e+02 1.43606658e-03 2.50000000e+01]
 [8.32000000e+02 9.63000000e+02 4.01775725e-03 2.60000000e+01]
 [7.99000000e+02 1.10600000e+03 1.66820909e-03 2.70000000e+01]
 [5.65000000e+02 3.78000000e+02 2.01043906e-03 2.80000000e+01]
 [5.69000000e+02 3.79000000e+02 2.00916384e-03 2.90000000e+01]
 [6.74000000e+02 4.69000000e+02 2.28934512e-02 3.00000000e+01]
 [7.79000000e+02 5.48000000e+02 1.27896052e-02 3.10000000e+01]
 [8.76000000e+02 6.20000000e+02 8.59812554e-03 3.20000000e+01]
 [1.07900000e+03 6.59000000e+02 4.26630396e-03 3.30000000e+01]
 [9.77000000e+02 6.79000000e+02 4.41914657e-03 3.40000000e+01]
 [2.99000000e+02 6.80000000e+02 1.54088798e-03 3.50000000e+01]
 [5.58000000e+02 6.89000000e+02 8.92095566e-01 3.60000000e+01]
 [7.75000000e+02 7.33000000e+02 1.21802753e-02 3.70000000e+01]
 [9.65000000e+02 7.64000000e+02 4.85357409e-03 3.80000000e+01]
 [8.70000000e+02 7.95000000e+02 2.37863604e-03 3.90000000e+01]
 [8.66000000e+02 9.57000000e+02 1.44538865e-03 4.00000000e+01]
 [9.35000000e+02 1.13800000e+03 1.74605357e-03 4.10000000e+01]
 [6.24000000e+02 1.21100000e+03 1.25345122e-03 4.20000000e+01]
 [9.01000000e+02 3.48000000e+02 1.12417724e-03 4.30000000e+01]
 [6.60000000e+02 5.82000000e+02 7.19807625e-01 4.40000000e+01]
 [3.84000000e+02 6.54000000e+02 3.73552740e-03 4.50000000e+01]
 [1.06500000e+03 8.02000000e+02 5.71670709e-03 4.60000000e+01]
 [5.40000000e+02 8.49000000e+02 6.59167469e-02 4.70000000e+01]
 [6.78000000e+02 8.65000000e+02 3.08608729e-02 4.80000000e+01]
 [8.67000000e+02 8.78000000e+02 1.73578260e-03 4.90000000e+01]
 [6.23000000e+02 1.03300000e+03 2.73908256e-03 5.00000000e+01]
 [6.96000000e+02 1.12900000e+03 1.72027503e-03 5.10000000e+01]
 [8.64000000e+02 1.14800000e+03 2.47374806e-03 5.20000000e+01]
 [6.40000000e+02 1.19600000e+03 1.67573919e-03 5.30000000e+01]
 [3.79000000e+02 1.19800000e+03 2.46230792e-03 5.40000000e+01]
 [6.63000000e+02 1.36700000e+03 1.00853120e-03 5.50000000e+01]
 [6.06000000e+02 1.37500000e+03 1.08510768e-03 5.60000000e+01]
 [6.05000000e+02 1.37600000e+03 1.08537858e-03 5.70000000e+01]
 [4.62000000e+02 1.37700000e+03 2.87818979e-03 5.80000000e+01]
 [8.13000000e+02 1.40000000e+01 3.09133762e-03 5.90000000e+01]
 [7.87000000e+02 2.97000000e+02 1.17706554e-03 6.00000000e+01]
 [5.46000000e+02 3.75000000e+02 1.46443897e-03 6.10000000e+01]
 [7.98000000e+02 5.74000000e+02 9.25786555e-01 6.20000000e+01]
 [5.51000000e+02 6.17000000e+02 9.94991697e-03 6.30000000e+01]
 [4.56000000e+02 7.08000000e+02 2.79782596e-03 6.40000000e+01]
 [1.06500000e+03 7.30000000e+02 3.58001841e-03 6.50000000e+01]
 [4.85000000e+02 7.83000000e+02 2.13081809e-03 6.60000000e+01]
 [5.10000000e+02 8.00000000e+02 2.21157516e-03 6.70000000e+01]
 [1.06500000e+03 8.62000000e+02 1.58768578e-03 6.80000000e+01]
 [8.61000000e+02 9.67000000e+02 3.20029934e-03 6.90000000e+01]
 [6.03000000e+02 1.03200000e+03 1.55027094e-03 7.00000000e+01]
 [7.86000000e+02 1.10800000e+03 1.10581063e-03 7.10000000e+01]
 [7.09000000e+02 3.76000000e+02 2.80052680e-03 7.20000000e+01]
 [8.69000000e+02 3.82000000e+02 1.24310749e-03 7.30000000e+01]
 [6.34000000e+02 5.47000000e+02 3.56754707e-03 7.40000000e+01]
 [8.57000000e+02 6.93000000e+02 8.92469525e-01 7.50000000e+01]
 [4.56000000e+02 6.98000000e+02 3.87620064e-03 7.60000000e+01]
 [6.38000000e+02 7.10000000e+02 9.26264469e-03 7.70000000e+01]
 [1.07900000e+03 7.22000000e+02 8.56849272e-03 7.80000000e+01]
 [8.70000000e+02 9.52000000e+02 3.66839650e-03 7.90000000e+01]
 [1.06500000e+03 1.03600000e+03 1.32774841e-03 8.00000000e+01]
 [5.51000000e+02 1.21100000e+03 1.16545020e-03 8.10000000e+01]
 [1.40000000e+01 1.40000000e+01 1.23474863e-03 8.20000000e+01]
 [7.08000000e+02 3.75000000e+02 9.25159454e-03 8.30000000e+01]
 [9.45000000e+02 4.57000000e+02 1.95411220e-03 8.40000000e+01]
 [6.22000000e+02 4.59000000e+02 1.04487268e-02 8.50000000e+01]
 [1.06500000e+03 5.24000000e+02 1.00974180e-03 8.60000000e+01]
 [7.92000000e+02 5.59000000e+02 3.71599086e-02 8.70000000e+01]
 [4.56000000e+02 5.64000000e+02 2.87153455e-03 8.80000000e+01]
 [1.07900000e+03 7.00000000e+02 2.27746158e-03 8.90000000e+01]
 [4.58000000e+02 7.73000000e+02 4.81035747e-03 9.00000000e+01]
 [8.53000000e+02 7.91000000e+02 9.54129934e-01 9.10000000e+01]
 [6.41000000e+02 8.41000000e+02 9.02551319e-03 9.20000000e+01]
 [5.41000000e+02 8.69000000e+02 2.67413538e-03 9.30000000e+01]
 [8.02000000e+02 1.03400000e+03 1.68938190e-03 9.40000000e+01]
 [9.69000000e+02 1.03500000e+03 9.00664832e-03 9.50000000e+01]
 [6.98000000e+02 1.04500000e+03 1.03072322e-03 9.60000000e+01]
 [1.06500000e+03 1.05200000e+03 6.76228944e-03 9.70000000e+01]
 [6.85000000e+02 1.06700000e+03 1.14251277e-03 9.80000000e+01]
 [7.68000000e+02 1.12800000e+03 1.69267994e-03 9.90000000e+01]
 [1.06500000e+03 1.19200000e+03 3.95664759e-03 1.00000000e+02]
 [7.15000000e+02 3.82000000e+02 2.04466400e-03 1.01000000e+02]
 [6.30000000e+02 4.59000000e+02 1.97494286e-03 1.02000000e+02]
 [8.06000000e+02 5.34000000e+02 3.07592587e-03 1.03000000e+02]
 [6.23000000e+02 5.45000000e+02 1.23354071e-03 1.04000000e+02]
 [3.84000000e+02 8.06000000e+02 2.44564540e-03 1.05000000e+02]
 [8.57000000e+02 8.20000000e+02 2.03721635e-02 1.06000000e+02]
 [6.33000000e+02 8.28000000e+02 9.49524760e-01 1.07000000e+02]
 [8.04000000e+02 1.12800000e+03 1.23990013e-03 1.08000000e+02]
 [9.33000000e+02 1.13200000e+03 1.01336360e-03 1.09000000e+02]
 [7.34000000e+02 5.42000000e+02 4.44080960e-03 1.10000000e+02]
 [4.57000000e+02 7.12000000e+02 5.18468814e-03 1.11000000e+02]
 [6.38000000e+02 7.13000000e+02 2.27726740e-03 1.12000000e+02]
 [9.56000000e+02 7.92000000e+02 3.24868481e-03 1.13000000e+02]
 [9.57000000e+02 7.93000000e+02 3.24797328e-03 1.14000000e+02]
 [1.06500000e+03 9.51000000e+02 1.09091969e-02 1.15000000e+02]
 [5.90000000e+02 1.00000000e+03 8.53337526e-01 1.16000000e+02]
 [9.54000000e+02 1.03300000e+03 8.76272190e-03 1.17000000e+02]
 [8.68000000e+02 1.04100000e+03 6.77974056e-03 1.18000000e+02]
 [7.73000000e+02 1.20300000e+03 1.47221121e-03 1.19000000e+02]
 [7.75000000e+02 1.20400000e+03 1.46990467e-03 1.20000000e+02]
 [7.77000000e+02 1.20500000e+03 1.47127546e-03 1.21000000e+02]
 [7.84000000e+02 1.20800000e+03 1.45671493e-03 1.22000000e+02]
 [8.19000000e+02 1.23000000e+03 1.97685533e-03 1.23000000e+02]
 [1.21000000e+02 1.40000000e+01 1.08386984e-03 1.24000000e+02]
 [5.39000000e+02 5.41000000e+02 1.08635589e-03 1.25000000e+02]
 [7.90000000e+02 5.42000000e+02 8.67361110e-03 1.26000000e+02]
 [9.58000000e+02 6.33000000e+02 1.43839978e-03 1.27000000e+02]
 [7.00000000e+02 6.67000000e+02 4.72305994e-03 1.28000000e+02]
 [5.25000000e+02 8.06000000e+02 7.58676790e-03 1.29000000e+02]
 [4.97000000e+02 8.78000000e+02 7.84896873e-03 1.30000000e+02]
 [7.16000000e+02 8.90000000e+02 6.93747075e-03 1.31000000e+02]
 [1.06500000e+03 8.91000000e+02 1.86490070e-03 1.32000000e+02]
 [8.34000000e+02 1.06600000e+03 1.98431872e-02 1.33000000e+02]
 [8.42000000e+02 1.07200000e+03 1.98920779e-02 1.34000000e+02]
 [8.43000000e+02 1.07300000e+03 1.98971927e-02 1.35000000e+02]
 [8.44000000e+02 1.07400000e+03 1.98951159e-02 1.36000000e+02]
 [1.06500000e+03 1.12900000e+03 1.52820768e-02 1.37000000e+02]
 [7.75000000e+02 1.18900000e+03 2.89083365e-02 1.38000000e+02]
 [5.37000000e+02 1.20200000e+03 9.01238680e-01 1.39000000e+02]
 [3.07000000e+02 1.21900000e+03 5.61706070e-03 1.40000000e+02]
 [3.08000000e+02 1.22100000e+03 5.62818116e-03 1.41000000e+02]
 [1.06500000e+03 1.27300000e+03 7.01984065e-03 1.42000000e+02]
 [4.89000000e+02 1.44400000e+03 5.98716782e-03 1.43000000e+02]
 [1.06500000e+03 1.90500000e+03 1.01682905e-03 1.44000000e+02]
 [1.40000000e+01 1.40000000e+01 1.17663457e-03 1.45000000e+02]
 [6.43000000e+02 4.60000000e+02 2.80365627e-03 1.46000000e+02]
 [7.78000000e+02 4.73000000e+02 2.36116513e-03 1.47000000e+02]
 [7.79000000e+02 4.74000000e+02 2.36153719e-03 1.48000000e+02]
 [7.80000000e+02 4.75000000e+02 2.36228621e-03 1.49000000e+02]
 [8.00000000e+02 5.42000000e+02 3.25664692e-03 1.50000000e+02]
 [9.80000000e+02 6.05000000e+02 1.69484108e-03 1.51000000e+02]
 [9.79000000e+02 6.06000000e+02 1.69665646e-03 1.52000000e+02]
 [4.61000000e+02 7.61000000e+02 4.02061781e-03 1.53000000e+02]
 [1.03200000e+03 8.03000000e+02 1.87374954e-03 1.54000000e+02]
 [7.66000000e+02 8.24000000e+02 8.72405589e-01 1.55000000e+02]
 [9.47000000e+02 1.03400000e+03 1.93018001e-03 1.56000000e+02]
 [6.08000000e+02 1.11700000e+03 3.08851339e-03 1.57000000e+02]
 [8.53000000e+02 1.12500000e+03 1.61512231e-03 1.58000000e+02]
 [8.55000000e+02 1.12600000e+03 1.60147005e-03 1.59000000e+02]
 [9.58000000e+02 1.23900000e+03 1.05974497e-03 1.60000000e+02]
 [1.40000000e+01 1.40000000e+01 1.80542504e-03 1.61000000e+02]
 [7.79000000e+02 4.58000000e+02 1.20713376e-03 1.62000000e+02]
 [6.29000000e+02 5.51000000e+02 5.10716764e-03 1.63000000e+02]
 [9.77000000e+02 6.97000000e+02 1.43829209e-03 1.64000000e+02]
 [1.06500000e+03 7.64000000e+02 1.30807969e-03 1.65000000e+02]
 [5.88000000e+02 7.82000000e+02 8.73952825e-03 1.66000000e+02]
 [8.41000000e+02 9.59000000e+02 8.64870906e-01 1.67000000e+02]
 [3.74000000e+02 1.14200000e+03 1.42873800e-03 1.68000000e+02]
 [5.42000000e+02 1.21000000e+03 1.59151503e-03 1.69000000e+02]
 [1.06500000e+03 1.31200000e+03 2.11462169e-03 1.70000000e+02]
 [1.40000000e+01 1.40000000e+01 1.24304183e-03 1.71000000e+02]
 [8.70000000e+01 1.40000000e+01 1.25975604e-03 1.72000000e+02]
 [6.44000000e+02 3.86000000e+02 2.09681573e-03 1.73000000e+02]
 [6.45000000e+02 3.87000000e+02 2.09592306e-03 1.74000000e+02]
 [6.48000000e+02 3.89000000e+02 2.09203688e-03 1.75000000e+02]
 [5.41000000e+02 4.63000000e+02 1.39132759e-03 1.76000000e+02]
 [7.05000000e+02 5.21000000e+02 4.97674057e-03 1.77000000e+02]
 [4.54000000e+02 6.17000000e+02 1.20111229e-03 1.78000000e+02]
 [7.64000000e+02 7.96000000e+02 2.00745557e-03 1.79000000e+02]
 [7.62000000e+02 7.97000000e+02 2.00612959e-03 1.80000000e+02]
 [1.06500000e+03 8.59000000e+02 1.34181581e-03 1.81000000e+02]
 [4.63000000e+02 8.76000000e+02 1.67108083e-03 1.82000000e+02]
 [9.62000000e+02 8.80000000e+02 2.80023133e-03 1.83000000e+02]
 [9.61000000e+02 8.81000000e+02 2.78724078e-03 1.84000000e+02]
 [6.30000000e+02 1.12600000e+03 8.82449001e-03 1.85000000e+02]
 [8.93000000e+02 1.15700000e+03 8.91451836e-01 1.86000000e+02]
 [1.07900000e+03 1.17400000e+03 8.19716826e-02 1.87000000e+02]
 [6.26000000e+02 1.36500000e+03 4.16266825e-03 1.88000000e+02]
 [8.98000000e+02 1.45000000e+03 2.11474579e-03 1.89000000e+02]
 [7.65000000e+02 2.18000000e+02 1.47501507e-03 1.90000000e+02]
 [7.36000000e+02 4.86000000e+02 8.46619010e-01 1.91000000e+02]
 [1.06500000e+03 6.21000000e+02 2.68746540e-03 1.92000000e+02]
 [6.23000000e+02 7.92000000e+02 9.94458329e-03 1.93000000e+02]
 [7.44000000e+02 9.40000000e+02 1.60792063e-03 1.94000000e+02]
 [7.43000000e+02 9.41000000e+02 1.60731585e-03 1.95000000e+02]
 [7.42000000e+02 9.42000000e+02 1.60668977e-03 1.96000000e+02]
 [7.41000000e+02 9.43000000e+02 1.60645240e-03 1.97000000e+02]
 [7.40000000e+02 9.44000000e+02 1.60673785e-03 1.98000000e+02]
 [7.39000000e+02 9.45000000e+02 1.60736556e-03 1.99000000e+02]
 [6.23000000e+02 1.12600000e+03 2.88131530e-03 2.00000000e+02]
 [6.22000000e+02 1.12700000e+03 2.88092182e-03 2.01000000e+02]
 [9.57000000e+02 1.14500000e+03 2.94489157e-03 2.02000000e+02]
 [5.40000000e+02 1.21000000e+03 6.31363736e-03 2.03000000e+02]
 [7.88000000e+02 1.21000000e+03 1.34349754e-03 2.04000000e+02]
 [7.39000000e+02 2.18000000e+02 1.37725356e-03 2.05000000e+02]
 [7.60000000e+02 4.78000000e+02 6.59613252e-01 2.06000000e+02]
 [5.45000000e+02 6.06000000e+02 2.87949294e-03 2.07000000e+02]
 [1.06500000e+03 6.25000000e+02 3.39609594e-03 2.08000000e+02]
 [5.20000000e+02 6.43000000e+02 3.50043341e-03 2.09000000e+02]
 [6.04000000e+02 7.31000000e+02 1.56901870e-03 2.10000000e+02]
 [8.63000000e+02 7.96000000e+02 2.28648563e-03 2.11000000e+02]
 [7.93000000e+02 8.72000000e+02 2.54256791e-03 2.12000000e+02]
 [5.34000000e+02 8.81000000e+02 2.47551315e-03 2.13000000e+02]
 [4.57000000e+02 1.21000000e+03 1.06270087e-03 2.14000000e+02]
 [9.48000000e+02 4.47000000e+02 3.17992456e-03 2.15000000e+02]
 [6.89000000e+02 4.84000000e+02 8.28794479e-01 2.16000000e+02]
 [1.06500000e+03 6.24000000e+02 1.71191851e-03 2.17000000e+02]
 [1.06500000e+03 8.66000000e+02 1.45709934e-03 2.18000000e+02]
 [7.89000000e+02 9.59000000e+02 3.25659546e-03 2.19000000e+02]
 [4.58000000e+02 4.83000000e+02 1.10879599e-03 2.20000000e+02]
 [7.25000000e+02 4.94000000e+02 8.84195194e-02 2.21000000e+02]
 [1.06500000e+03 6.18000000e+02 1.20720931e-03 2.22000000e+02]
 [6.98000000e+02 7.75000000e+02 2.52249022e-03 2.23000000e+02]
 [1.06500000e+03 8.66000000e+02 1.14959537e-03 2.24000000e+02]
 [7.98000000e+02 9.60000000e+02 1.71099592e-03 2.25000000e+02]]