[[6.35000000e+02 4.93000000e+02 8.51283312e-01 0.00000000e+00]
 [6.31000000e+02 5.72000000e+02 9.60019469e-01 1.00000000e+00]
 [5.45000000e+02 5.70000000e+02 9.48656023e-01 2.00000000e+00]
 [4.78000000e+02 6.78000000e+02 9.27182019e-01 3.00000000e+00]
 [5.48000000e+02 5.85000000e+02 6.91416204e-01 4.00000000e+00]
 [7.16000000e+02 5.70000000e+02 9.27563548e-01 5.00000000e+00]
 [7.72000000e+02 7.02000000e+02 8.87322009e-01 6.00000000e+00]
 [7.48000000e+02 7.63000000e+02 8.16742122e-01 7.00000000e+00]
 [5.61000000e+02 8.35000000e+02 9.17774200e-01 8.00000000e+00]
 [5.29000000e+02 1.01500000e+03 9.24461424e-01 9.00000000e+00]
 [4.66000000e+02 1.20100000e+03 8.94636571e-01 1.00000000e+01]
 [6.95000000e+02 8.29000000e+02 9.29348350e-01 1.10000000e+01]
 [7.49000000e+02 9.86000000e+02 9.39592779e-01 1.20000000e+01]
 [7.90000000e+02 1.14900000e+03 8.64757836e-01 1.30000000e+01]
 [6.23000000e+02 4.76000000e+02 8.55969071e-01 1.40000000e+01]
 [6.52000000e+02 4.75000000e+02 8.46687913e-01 1.50000000e+01]
 [5.93000000e+02 4.78000000e+02 6.93009913e-01 1.60000000e+01]
 [6.69000000e+02 4.69000000e+02 5.67131042e-01 1.70000000e+01]]