[[7.24000000e+02 4.90000000e+02 6.38628483e-01 0.00000000e+00]
 [6.66000000e+02 5.72000000e+02 9.20676589e-01 1.00000000e+00]
 [5.92000000e+02 5.54000000e+02 8.75794291e-01 2.00000000e+00]
 [6.18000000e+02 6.41000000e+02 8.44825804e-01 3.00000000e+00]
 [6.83000000e+02 5.20000000e+02 8.04721713e-01 4.00000000e+00]
 [7.40000000e+02 5.83000000e+02 8.99717331e-01 5.00000000e+00]
 [7.66000000e+02 7.00000000e+02 8.74885142e-01 6.00000000e+00]
 [7.71000000e+02 7.95000000e+02 8.78375173e-01 7.00000000e+00]
 [5.90000000e+02 8.53000000e+02 9.99841273e-01 8.00000000e+00]
 [5.31000000e+02 1.04700000e+03 8.74550760e-01 9.00000000e+00]
 [4.69000000e+02 1.19900000e+03 8.09522212e-01 1.00000000e+01]
 [7.06000000e+02 8.53000000e+02 9.43141103e-01 1.10000000e+01]
 [8.05000000e+02 1.00500000e+03 8.95737529e-01 1.20000000e+01]
 [8.19000000e+02 1.18600000e+03 7.73762226e-01 1.30000000e+01]
 [7.16000000e+02 4.72000000e+02 6.38196051e-01 1.40000000e+01]
 [6.54000000e+02 4.68000000e+02 7.06375003e-01 1.50000000e+01]]