[[3.47000000e+02 4.02000000e+02 9.19945836e-01 0.00000000e+00]
 [3.84000000e+02 4.52000000e+02 9.27395642e-01 1.00000000e+00]
 [3.06000000e+02 4.55000000e+02 9.65519071e-01 2.00000000e+00]
 [2.67000000e+02 5.38000000e+02 7.40372837e-01 3.00000000e+00]
 [2.45000000e+02 5.68000000e+02 9.25104320e-01 4.00000000e+00]
 [4.69000000e+02 4.49000000e+02 9.44014490e-01 5.00000000e+00]
 [5.43000000e+02 5.55000000e+02 9.19991076e-01 6.00000000e+00]
 [4.90000000e+02 6.33000000e+02 9.81401980e-01 7.00000000e+00]
 [3.50000000e+02 6.77000000e+02 8.88577878e-01 8.00000000e+00]
 [2.94000000e+02 8.15000000e+02 9.37705934e-01 9.00000000e+00]
 [2.57000000e+02 9.74000000e+02 9.39776182e-01 1.00000000e+01]
 [4.59000000e+02 6.73000000e+02 8.12107742e-01 1.10000000e+01]
 [5.08000000e+02 8.19000000e+02 9.28737104e-01 1.20000000e+01]
 [5.59000000e+02 9.68000000e+02 9.20757771e-01 1.30000000e+01]
 [3.29000000e+02 3.79000000e+02 9.39152777e-01 1.40000000e+01]
 [3.65000000e+02 3.76000000e+02 9.35249209e-01 1.50000000e+01]
 [3.14000000e+02 3.72000000e+02 2.57621020e-01 1.60000000e+01]
 [4.09000000e+02 3.67000000e+02 9.05091047e-01 1.70000000e+01]]