[[1.28000000e+02 5.03000000e+02 9.06663835e-01 0.00000000e+00]
 [2.45000000e+02 5.08000000e+02 7.66777933e-01 1.00000000e+00]
 [2.26000000e+02 5.11000000e+02 6.68470323e-01 2.00000000e+00]
 [2.77000000e+02 6.34000000e+02 2.34538376e-01 3.00000000e+00]
 [2.63000000e+02 6.85000000e+02 1.62256852e-01 4.00000000e+00]
 [2.60000000e+02 5.06000000e+02 8.81696582e-01 5.00000000e+00]
 [2.89000000e+02 6.36000000e+02 9.67314541e-01 6.00000000e+00]
 [1.71000000e+02 6.67000000e+02 8.14877152e-01 7.00000000e+00]
 [3.39000000e+02 6.86000000e+02 8.30902338e-01 8.00000000e+00]
 [2.47000000e+02 7.79000000e+02 9.50364172e-01 9.00000000e+00]
 [2.46000000e+02 9.52000000e+02 9.31977451e-01 1.00000000e+01]
 [4.16000000e+02 6.81000000e+02 8.79236877e-01 1.10000000e+01]
 [4.57000000e+02 8.50000000e+02 8.99443328e-01 1.20000000e+01]
 [5.54000000e+02 9.52000000e+02 8.88103604e-01 1.30000000e+01]
 [1.05000000e+02 4.86000000e+02 2.03257829e-01 1.40000000e+01]
 [1.25000000e+02 4.79000000e+02 9.29099977e-01 1.50000000e+01]
 [1.73000000e+02 4.53000000e+02 8.96685779e-01 1.60000000e+01]]