[[3.20000000e+02 3.90000000e+02 8.85563970e-01 0.00000000e+00]
 [3.61000000e+02 4.29000000e+02 9.72671747e-01 1.00000000e+00]
 [2.75000000e+02 4.39000000e+02 9.07269478e-01 2.00000000e+00]
 [3.00000000e+02 5.65000000e+02 9.72027242e-01 3.00000000e+00]
 [3.60000000e+02 4.62000000e+02 9.86350119e-01 4.00000000e+00]
 [4.36000000e+02 4.23000000e+02 9.32919204e-01 5.00000000e+00]
 [5.04000000e+02 5.11000000e+02 9.52039540e-01 6.00000000e+00]
 [4.71000000e+02 6.02000000e+02 9.92564976e-01 7.00000000e+00]
 [3.23000000e+02 6.64000000e+02 8.53012979e-01 8.00000000e+00]
 [2.67000000e+02 8.12000000e+02 9.55898643e-01 9.00000000e+00]
 [2.47000000e+02 9.65000000e+02 9.50715661e-01 1.00000000e+01]
 [4.28000000e+02 6.52000000e+02 8.35365415e-01 1.10000000e+01]
 [4.80000000e+02 8.04000000e+02 9.76502061e-01 1.20000000e+01]
 [5.43000000e+02 9.51000000e+02 9.22470093e-01 1.30000000e+01]
 [3.07000000e+02 3.71000000e+02 8.54105413e-01 1.40000000e+01]
 [3.37000000e+02 3.71000000e+02 9.12516415e-01 1.50000000e+01]
 [2.98000000e+02 3.61000000e+02 1.20430969e-01 1.60000000e+01]
 [3.80000000e+02 3.55000000e+02 9.50819373e-01 1.70000000e+01]]