[[3.44000000e+02 3.92000000e+02 9.33595181e-01 0.00000000e+00]
 [3.70000000e+02 4.36000000e+02 9.57526684e-01 1.00000000e+00]
 [2.95000000e+02 4.48000000e+02 9.05517817e-01 2.00000000e+00]
 [2.65000000e+02 5.85000000e+02 9.50422168e-01 3.00000000e+00]
 [3.25000000e+02 5.24000000e+02 8.95902097e-01 4.00000000e+00]
 [4.55000000e+02 4.23000000e+02 8.86771083e-01 5.00000000e+00]
 [5.15000000e+02 5.14000000e+02 9.43955064e-01 6.00000000e+00]
 [5.04000000e+02 6.16000000e+02 9.34519351e-01 7.00000000e+00]
 [3.18000000e+02 6.72000000e+02 8.75565290e-01 8.00000000e+00]
 [2.59000000e+02 8.08000000e+02 9.62687016e-01 9.00000000e+00]
 [2.42000000e+02 9.59000000e+02 9.29160833e-01 1.00000000e+01]
 [4.29000000e+02 6.61000000e+02 8.41744065e-01 1.10000000e+01]
 [4.80000000e+02 8.03000000e+02 9.14854944e-01 1.20000000e+01]
 [5.35000000e+02 9.52000000e+02 9.61313486e-01 1.30000000e+01]
 [3.23000000e+02 3.72000000e+02 9.57709610e-01 1.40000000e+01]
 [3.61000000e+02 3.68000000e+02 9.52670097e-01 1.50000000e+01]
 [3.08000000e+02 3.66000000e+02 2.43233606e-01 1.60000000e+01]
 [4.04000000e+02 3.56000000e+02 9.66611803e-01 1.70000000e+01]]