[[6.92000000e+02 5.09000000e+02 7.70933151e-01 0.00000000e+00]
 [6.44000000e+02 5.95000000e+02 9.28243876e-01 1.00000000e+00]
 [5.58000000e+02 5.94000000e+02 9.48102951e-01 2.00000000e+00]
 [5.49000000e+02 7.20000000e+02 7.47932732e-01 3.00000000e+00]
 [6.09000000e+02 7.72000000e+02 5.71390033e-01 4.00000000e+00]
 [7.29000000e+02 5.94000000e+02 9.04246509e-01 5.00000000e+00]
 [7.67000000e+02 7.03000000e+02 8.52808774e-01 6.00000000e+00]
 [7.70000000e+02 7.91000000e+02 9.49283838e-01 7.00000000e+00]
 [5.95000000e+02 8.55000000e+02 9.76191044e-01 8.00000000e+00]
 [5.47000000e+02 1.03000000e+03 8.96899819e-01 9.00000000e+00]
 [4.65000000e+02 1.19300000e+03 8.68875921e-01 1.00000000e+01]
 [7.14000000e+02 8.50000000e+02 9.28777575e-01 1.10000000e+01]
 [8.00000000e+02 1.01200000e+03 9.15309846e-01 1.20000000e+01]
 [8.06000000e+02 1.19800000e+03 8.16971719e-01 1.30000000e+01]
 [6.81000000e+02 4.90000000e+02 7.82636523e-01 1.40000000e+01]
 [6.97000000e+02 4.87000000e+02 6.71697974e-01 1.50000000e+01]
 [6.28000000e+02 4.88000000e+02 7.94836938e-01 1.60000000e+01]]