[[1.52000000e+02 5.28000000e+02 1.02328444e+00 0.00000000e+00]
 [2.71000000e+02 5.36000000e+02 8.14772129e-01 1.00000000e+00]
 [2.58000000e+02 5.44000000e+02 7.08950758e-01 2.00000000e+00]
 [3.00000000e+02 6.66000000e+02 2.53494650e-01 3.00000000e+00]
 [2.70000000e+02 6.95000000e+02 2.83400297e-01 4.00000000e+00]
 [2.98000000e+02 5.36000000e+02 8.96351099e-01 5.00000000e+00]
 [3.47000000e+02 6.67000000e+02 9.76601124e-01 6.00000000e+00]
 [2.50000000e+02 7.01000000e+02 8.58811617e-01 7.00000000e+00]
 [3.61000000e+02 7.08000000e+02 7.26493835e-01 8.00000000e+00]
 [2.77000000e+02 7.97000000e+02 9.38221574e-01 9.00000000e+00]
 [2.57000000e+02 9.70000000e+02 9.44706917e-01 1.00000000e+01]
 [4.45000000e+02 7.04000000e+02 8.20620120e-01 1.10000000e+01]
 [4.77000000e+02 8.62000000e+02 9.01819229e-01 1.20000000e+01]
 [5.57000000e+02 9.75000000e+02 8.98942292e-01 1.30000000e+01]
 [1.39000000e+02 5.18000000e+02 4.19189930e-01 1.40000000e+01]
 [1.57000000e+02 5.05000000e+02 9.37157571e-01 1.50000000e+01]
 [2.06000000e+02 4.76000000e+02 8.97780895e-01 1.60000000e+01]]