[[1.40000000e+01 2.40000000e+02 1.01658946e-03 0.00000000e+00]
 [6.52000000e+02 3.07000000e+02 5.54467365e-03 1.00000000e+00]
 [6.49000000e+02 3.08000000e+02 5.57676097e-03 2.00000000e+00]
 [3.80000000e+02 5.20000000e+02 3.64885386e-03 3.00000000e+00]
 [1.06500000e+03 5.43000000e+02 1.54569047e-03 4.00000000e+00]
 [6.43000000e+02 5.48000000e+02 7.36316144e-01 5.00000000e+00]
 [9.57000000e+02 6.27000000e+02 3.52642080e-03 6.00000000e+00]
 [9.13000000e+02 7.31000000e+02 1.13919307e-03 7.00000000e+00]
 [6.18000000e+02 7.83000000e+02 4.03313525e-03 8.00000000e+00]
 [7.97000000e+02 8.02000000e+02 3.02692130e-03 9.00000000e+00]
 [4.46000000e+02 8.87000000e+02 1.23131659e-03 1.00000000e+01]
 [5.51000000e+02 1.04400000e+03 1.77269499e-03 1.10000000e+01]
 [7.84000000e+02 1.04900000e+03 1.88488117e-03 1.20000000e+01]
 [9.56000000e+02 5.82000000e+02 1.09161157e-03 1.30000000e+01]
 [6.47000000e+02 5.86000000e+02 9.29087520e-01 1.40000000e+01]
 [3.79000000e+02 6.07000000e+02 1.60567078e-03 1.50000000e+01]
 [4.67000000e+02 8.75000000e+02 1.02462433e-03 1.60000000e+01]
 [6.18000000e+02 8.75000000e+02 2.23611249e-03 1.70000000e+01]
 [7.83000000e+02 9.53000000e+02 2.23124051e-03 1.80000000e+01]
 [5.39000000e+02 9.55000000e+02 2.20805383e-03 1.90000000e+01]
 [7.96000000e+02 1.40000000e+01 2.10589287e-03 2.00000000e+01]
 [8.61000000e+02 4.66000000e+02 2.53226189e-03 2.10000000e+01]
 [2.98000000e+02 5.52000000e+02 1.48549513e-03 2.20000000e+01]
 [9.51000000e+02 5.80000000e+02 4.55898140e-03 2.30000000e+01]
 [5.56000000e+02 5.82000000e+02 9.24138486e-01 2.40000000e+01]
 [8.64000000e+02 6.20000000e+02 4.72327182e-03 2.50000000e+01]
 [9.52000000e+02 7.87000000e+02 1.45675102e-03 2.60000000e+01]
 [3.54000000e+02 8.21000000e+02 1.48444972e-03 2.70000000e+01]
 [4.45000000e+02 8.76000000e+02 2.54670670e-03 2.80000000e+01]
 [5.32000000e+02 9.62000000e+02 1.91687699e-03 2.90000000e+01]
 [7.79000000e+02 9.69000000e+02 3.99625115e-03 3.00000000e+01]
 [6.21000000e+02 1.20900000e+03 1.24383194e-03 3.10000000e+01]
 [4.94000000e+02 3.78000000e+02 3.07186693e-03 3.20000000e+01]
 [9.57000000e+02 4.70000000e+02 1.15565676e-03 3.30000000e+01]
 [1.07900000e+03 6.23000000e+02 3.65311513e-03 3.40000000e+01]
 [7.83000000e+02 6.39000000e+02 1.46034500e-02 3.50000000e+01]
 [5.18000000e+02 6.79000000e+02 8.46004486e-01 3.60000000e+01]
 [9.14000000e+02 7.07000000e+02 7.33029237e-03 3.70000000e+01]
 [9.13000000e+02 7.08000000e+02 7.33006513e-03 3.80000000e+01]
 [9.11000000e+02 7.09000000e+02 7.32804602e-03 3.90000000e+01]
 [8.69000000e+02 7.61000000e+02 8.41506291e-03 4.00000000e+01]
 [7.90000000e+02 9.60000000e+02 3.25805740e-03 4.10000000e+01]
 [6.13000000e+02 1.21100000e+03 1.46552152e-03 4.20000000e+01]
 [8.00000000e+02 1.23300000e+03 1.33452460e-03 4.30000000e+01]
 [1.40000000e+01 1.40000000e+01 2.00799014e-03 4.40000000e+01]
 [1.06500000e+03 6.26000000e+02 5.05938381e-03 4.50000000e+01]
 [5.71000000e+02 6.32000000e+02 5.39925456e-01 4.60000000e+01]
 [3.00000000e+02 6.51000000e+02 3.60581954e-03 4.70000000e+01]
 [5.59000000e+02 1.04000000e+03 2.22892361e-03 4.80000000e+01]
 [7.93000000e+02 1.11600000e+03 2.63628596e-03 4.90000000e+01]
 [6.21000000e+02 1.19700000e+03 2.74744909e-03 5.00000000e+01]
 [3.12000000e+02 1.20900000e+03 1.75074884e-03 5.10000000e+01]
 [6.03000000e+02 1.34800000e+03 1.01270608e-03 5.20000000e+01]
 [4.55000000e+02 1.37700000e+03 3.53939738e-03 5.30000000e+01]
 [7.97000000e+02 1.40000000e+01 2.12741899e-03 5.40000000e+01]
 [3.81000000e+02 4.58000000e+02 1.22875790e-03 5.50000000e+01]
 [4.80000000e+02 4.66000000e+02 2.81565404e-03 5.60000000e+01]
 [7.35000000e+02 5.92000000e+02 8.84584904e-01 5.70000000e+01]
 [4.63000000e+02 6.14000000e+02 5.15530165e-03 5.80000000e+01]
 [3.76000000e+02 6.70000000e+02 3.26773874e-03 5.90000000e+01]
 [4.48000000e+02 8.02000000e+02 1.53443846e-03 6.00000000e+01]
 [8.32000000e+02 8.69000000e+02 5.65483654e-03 6.10000000e+01]
 [7.87000000e+02 9.58000000e+02 3.80904367e-03 6.20000000e+01]
 [5.39000000e+02 1.02500000e+03 2.77839135e-03 6.30000000e+01]
 [6.23000000e+02 1.18700000e+03 1.57886429e-03 6.40000000e+01]
 [3.71000000e+02 4.91000000e+02 1.86398521e-03 6.50000000e+01]
 [1.02900000e+03 6.76000000e+02 2.45206663e-03 6.60000000e+01]
 [7.80000000e+02 7.01000000e+02 9.01019454e-01 6.70000000e+01]
 [5.53000000e+02 7.16000000e+02 4.75942343e-03 6.80000000e+01]
 [6.06000000e+02 9.91000000e+02 1.73888553e-03 6.90000000e+01]
 [8.83000000e+02 1.04400000e+03 1.36783381e-03 7.00000000e+01]
 [6.23000000e+02 1.20700000e+03 2.38297158e-03 7.10000000e+01]
 [4.57000000e+02 1.21300000e+03 1.92151510e-03 7.20000000e+01]
 [1.40000000e+01 1.40000000e+01 2.14364426e-03 7.30000000e+01]
 [6.28000000e+02 4.58000000e+02 1.73172150e-02 7.40000000e+01]
 [4.47000000e+02 5.43000000e+02 4.65519819e-03 7.50000000e+01]
 [8.53000000e+02 5.57000000e+02 1.63022266e-03 7.60000000e+01]
 [8.54000000e+02 5.58000000e+02 1.63837394e-03 7.70000000e+01]
 [8.56000000e+02 5.59000000e+02 1.64004136e-03 7.80000000e+01]
 [8.58000000e+02 5.60000000e+02 1.63757708e-03 7.90000000e+01]
 [7.07000000e+02 5.61000000e+02 3.60384211e-02 8.00000000e+01]
 [1.06500000e+03 6.24000000e+02 2.37990031e-03 8.10000000e+01]
 [3.72000000e+02 6.95000000e+02 2.92588095e-03 8.20000000e+01]
 [9.43000000e+02 7.72000000e+02 1.02592632e-02 8.30000000e+01]
 [7.21000000e+02 7.91000000e+02 9.86553550e-01 8.40000000e+01]
 [4.60000000e+02 7.97000000e+02 2.24025664e-03 8.50000000e+01]
 [5.09000000e+02 9.91000000e+02 1.17427506e-03 8.60000000e+01]
 [7.03000000e+02 1.03400000e+03 2.82908930e-03 8.70000000e+01]
 [6.46000000e+02 1.03900000e+03 2.27993005e-03 8.80000000e+01]
 [6.36000000e+02 1.04000000e+03 2.26457673e-03 8.90000000e+01]
 [6.31000000e+02 1.04100000e+03 2.24570208e-03 9.00000000e+01]
 [6.25000000e+02 1.04200000e+03 2.20211083e-03 9.10000000e+01]
 [6.23000000e+02 1.12400000e+03 4.52014571e-03 9.20000000e+01]
 [9.46000000e+02 1.27200000e+03 2.05733255e-03 9.30000000e+01]
 [1.40000000e+01 1.40000000e+01 1.08364853e-03 9.40000000e+01]
 [5.39000000e+02 4.57000000e+02 1.93824701e-03 9.50000000e+01]
 [7.35000000e+02 5.48000000e+02 1.58402964e-03 9.60000000e+01]
 [7.37000000e+02 5.49000000e+02 1.58480939e-03 9.70000000e+01]
 [7.38000000e+02 5.50000000e+02 1.58480951e-03 9.80000000e+01]
 [3.00000000e+02 8.25000000e+02 1.85348128e-03 9.90000000e+01]
 [5.59000000e+02 8.37000000e+02 9.38564122e-01 1.00000000e+02]
 [1.06500000e+03 1.04200000e+03 1.55544863e-03 1.01000000e+02]
 [6.23000000e+02 1.12700000e+03 1.08124199e-03 1.02000000e+02]
 [6.17000000e+02 1.20000000e+03 1.03680487e-03 1.03000000e+02]
 [7.91000000e+02 1.21000000e+03 1.28611096e-03 1.04000000e+02]
 [7.56000000e+02 1.40000000e+01 1.00942131e-03 1.05000000e+02]
 [9.60000000e+02 1.40000000e+01 1.07816269e-03 1.06000000e+02]
 [3.73000000e+02 5.25000000e+02 1.20925100e-03 1.07000000e+02]
 [7.24000000e+02 5.43000000e+02 5.94536634e-03 1.08000000e+02]
 [5.39000000e+02 6.25000000e+02 1.30995410e-03 1.09000000e+02]
 [4.08000000e+02 7.12000000e+02 1.76172785e-03 1.10000000e+02]
 [3.66000000e+02 7.26000000e+02 1.52219075e-03 1.11000000e+02]
 [9.56000000e+02 8.91000000e+02 2.52714986e-03 1.12000000e+02]
 [7.77000000e+02 9.56000000e+02 2.00737827e-03 1.13000000e+02]
 [5.27000000e+02 1.01600000e+03 8.97917986e-01 1.14000000e+02]
 [8.80000000e+02 1.04300000e+03 7.81465881e-03 1.15000000e+02]
 [8.12000000e+02 1.23100000e+03 1.19078497e-03 1.16000000e+02]
 [5.42000000e+02 1.28900000e+03 1.66625122e-03 1.17000000e+02]
 [4.31000000e+02 1.38000000e+03 1.41193450e-03 1.18000000e+02]
 [7.17000000e+02 5.41000000e+02 5.21688908e-03 1.19000000e+02]
 [7.05000000e+02 7.90000000e+02 4.04016534e-03 1.20000000e+02]
 [6.30000000e+02 8.77000000e+02 4.21114359e-03 1.21000000e+02]
 [4.22000000e+02 8.78000000e+02 5.27099473e-03 1.22000000e+02]
 [9.56000000e+02 1.13800000e+03 4.35875216e-03 1.23000000e+02]
 [7.79000000e+02 1.17100000e+03 1.31701240e-02 1.24000000e+02]
 [4.62000000e+02 1.19900000e+03 8.49783897e-01 1.25000000e+02]
 [9.03000000e+02 1.29500000e+03 2.48864689e-03 1.26000000e+02]
 [1.06500000e+03 1.90500000e+03 1.04780495e-03 1.27000000e+02]
 [1.40000000e+01 1.40000000e+01 1.34102080e-03 1.28000000e+02]
 [9.80000000e+01 1.17000000e+02 1.08832447e-03 1.29000000e+02]
 [9.90000000e+01 1.18000000e+02 1.08810514e-03 1.30000000e+02]
 [5.53000000e+02 4.64000000e+02 1.79069687e-03 1.31000000e+02]
 [7.16000000e+02 5.36000000e+02 3.81693384e-03 1.32000000e+02]
 [7.16000000e+02 5.38000000e+02 3.77358589e-03 1.33000000e+02]
 [9.01000000e+02 6.06000000e+02 1.29121658e-03 1.34000000e+02]
 [3.75000000e+02 7.28000000e+02 4.22406616e-03 1.35000000e+02]
 [6.97000000e+02 8.39000000e+02 8.75736356e-01 1.36000000e+02]
 [4.71000000e+02 8.54000000e+02 1.46930413e-02 1.37000000e+02]
 [9.44000000e+02 8.64000000e+02 4.18577576e-03 1.38000000e+02]
 [1.06500000e+03 1.04300000e+03 1.09816017e-03 1.39000000e+02]
 [8.95000000e+02 1.06300000e+03 1.44956820e-03 1.40000000e+02]
 [5.95000000e+02 1.12500000e+03 3.63184349e-03 1.41000000e+02]
 [8.18000000e+02 1.21200000e+03 2.27369834e-03 1.42000000e+02]
 [1.40000000e+01 1.40000000e+01 1.58287003e-03 1.43000000e+02]
 [7.10000000e+02 5.30000000e+02 2.94423639e-03 1.44000000e+02]
 [5.39000000e+02 6.18000000e+02 7.33250799e-03 1.45000000e+02]
 [7.90000000e+02 6.24000000e+02 4.02032770e-03 1.46000000e+02]
 [8.08000000e+02 7.20000000e+02 3.30209243e-03 1.47000000e+02]
 [4.35000000e+02 8.76000000e+02 2.65971920e-03 1.48000000e+02]
 [7.68000000e+02 9.94000000e+02 9.36282277e-01 1.49000000e+02]
 [2.95000000e+02 1.17000000e+03 1.10980950e-03 1.50000000e+02]
 [7.88000000e+02 1.29300000e+03 1.38598075e-03 1.51000000e+02]
 [9.55000000e+02 1.30700000e+03 3.20476061e-03 1.52000000e+02]
 [8.16000000e+02 1.42500000e+03 2.61840201e-03 1.53000000e+02]
 [1.40000000e+01 1.40000000e+01 1.19980471e-03 1.54000000e+02]
 [6.24000000e+02 4.68000000e+02 2.38572340e-03 1.55000000e+02]
 [7.89000000e+02 6.25000000e+02 1.30654301e-03 1.56000000e+02]
 [7.13000000e+02 8.03000000e+02 6.32000063e-03 1.57000000e+02]
 [5.39000000e+02 8.73000000e+02 3.60686891e-03 1.58000000e+02]
 [7.06000000e+02 8.76000000e+02 4.42074938e-03 1.59000000e+02]
 [8.70000000e+02 8.80000000e+02 6.05340861e-03 1.60000000e+02]
 [5.51000000e+02 1.15100000e+03 3.40574491e-03 1.61000000e+02]
 [7.86000000e+02 1.18600000e+03 8.52183163e-01 1.62000000e+02]
 [1.02700000e+03 1.18800000e+03 3.15492647e-03 1.63000000e+02]
 [7.98000000e+02 1.43900000e+03 1.34255681e-02 1.64000000e+02]
 [7.91000000e+02 1.53600000e+03 1.70097139e-03 1.65000000e+02]
 [8.54000000e+02 4.87000000e+02 1.02679227e-02 1.66000000e+02]
 [6.32000000e+02 5.31000000e+02 6.91591978e-01 1.67000000e+02]
 [3.92000000e+02 5.40000000e+02 5.69439447e-03 1.68000000e+02]
 [1.06500000e+03 5.43000000e+02 1.15604955e-03 1.69000000e+02]
 [9.57000000e+02 6.26000000e+02 2.48310668e-03 1.70000000e+02]
 [5.50000000e+02 7.88000000e+02 2.09155283e-03 1.71000000e+02]
 [7.89000000e+02 9.55000000e+02 1.02527963e-03 1.72000000e+02]
 [6.22000000e+02 9.71000000e+02 1.38605537e-03 1.73000000e+02]
 [4.56000000e+02 1.21000000e+03 9.89860017e-03 1.74000000e+02]
 [7.89000000e+02 1.21000000e+03 3.35768517e-03 1.75000000e+02]
 [6.62000000e+02 5.30000000e+02 7.66262591e-01 1.76000000e+02]
 [3.78000000e+02 5.40000000e+02 1.45598385e-03 1.77000000e+02]
 [1.06500000e+03 5.40000000e+02 1.59697002e-03 1.78000000e+02]
 [9.55000000e+02 6.25000000e+02 3.35545233e-03 1.79000000e+02]
 [6.58000000e+02 7.83000000e+02 2.62098224e-03 1.80000000e+02]
 [7.69000000e+02 7.87000000e+02 2.65901489e-03 1.81000000e+02]
 [4.47000000e+02 9.00000000e+02 1.53870438e-03 1.82000000e+02]
 [8.62000000e+02 4.59000000e+02 2.63013318e-03 1.83000000e+02]
 [6.11000000e+02 5.23000000e+02 3.52704823e-01 1.84000000e+02]
 [9.52000000e+02 6.07000000e+02 1.49639812e-03 1.85000000e+02]
 [8.62000000e+02 6.24000000e+02 1.72280835e-03 1.86000000e+02]
 [8.57000000e+02 6.35000000e+02 1.67019514e-03 1.87000000e+02]
 [8.56000000e+02 6.36000000e+02 1.67182821e-03 1.88000000e+02]
 [8.55000000e+02 6.37000000e+02 1.67346152e-03 1.89000000e+02]
 [7.27000000e+02 7.87000000e+02 1.90796377e-03 1.90000000e+02]
 [7.14000000e+02 9.64000000e+02 3.50017054e-03 1.91000000e+02]
 [7.91000000e+02 1.11400000e+03 1.86386728e-03 1.92000000e+02]
 [5.39000000e+02 1.21100000e+03 1.60199893e-03 1.93000000e+02]
 [3.75000000e+02 4.89000000e+02 1.54097832e-03 1.94000000e+02]
 [6.96000000e+02 5.04000000e+02 7.09667742e-01 1.95000000e+02]
 [9.44000000e+02 5.25000000e+02 2.75592622e-03 1.96000000e+02]
 [9.61000000e+02 6.43000000e+02 1.18294172e-03 1.97000000e+02]
 [9.62000000e+02 6.44000000e+02 1.19114376e-03 1.98000000e+02]
 [9.63000000e+02 6.45000000e+02 1.19507802e-03 1.99000000e+02]
 [7.28000000e+02 7.70000000e+02 4.36182600e-03 2.00000000e+02]
 [7.23000000e+02 9.71000000e+02 2.10882165e-03 2.01000000e+02]]