[[1.40000000e+01 2.61000000e+02 1.20991701e-03 0.00000000e+00]
 [3.79000000e+02 3.89000000e+02 2.28575175e-03 1.00000000e+00]
 [9.57000000e+02 4.25000000e+02 1.12106057e-03 2.00000000e+00]
 [6.31000000e+02 4.93000000e+02 9.52310979e-01 3.00000000e+00]
 [8.51000000e+02 5.20000000e+02 8.26326944e-03 4.00000000e+00]
 [2.87000000e+02 5.53000000e+02 1.61421497e-03 5.00000000e+00]
 [4.26000000e+02 7.37000000e+02 1.19184377e-03 6.00000000e+00]
 [7.59000000e+02 8.02000000e+02 1.25834637e-03 7.00000000e+00]
 [5.50000000e+02 1.04300000e+03 1.66490814e-03 8.00000000e+00]
 [8.63000000e+02 1.04300000e+03 4.26744716e-03 9.00000000e+00]
 [5.58000000e+02 3.01000000e+02 1.96811091e-03 1.00000000e+01]
 [8.62000000e+02 5.56000000e+02 2.35539605e-03 1.10000000e+01]
 [6.02000000e+02 5.72000000e+02 9.13774073e-01 1.20000000e+01]
 [6.18000000e+02 8.75000000e+02 3.70259420e-03 1.30000000e+01]
 [7.89000000e+02 8.83000000e+02 1.11455203e-03 1.40000000e+01]
 [5.38000000e+02 9.59000000e+02 2.95038964e-03 1.50000000e+01]
 [7.17000000e+02 9.62000000e+02 1.65938004e-03 1.60000000e+01]
 [7.88000000e+02 1.03700000e+03 1.66654738e-03 1.70000000e+01]
 [4.67000000e+02 3.01000000e+02 2.66299048e-03 1.80000000e+01]
 [6.61000000e+02 3.06000000e+02 1.14785996e-03 1.90000000e+01]
 [9.56000000e+02 3.77000000e+02 2.78566079e-03 2.00000000e+01]
 [5.23000000e+02 5.69000000e+02 9.12804782e-01 2.10000000e+01]
 [7.81000000e+02 5.72000000e+02 1.03797158e-02 2.20000000e+01]
 [8.62000000e+02 6.27000000e+02 1.63619267e-03 2.30000000e+01]
 [6.24000000e+02 8.72000000e+02 2.10939045e-03 2.40000000e+01]
 [7.87000000e+02 8.97000000e+02 3.41106765e-03 2.50000000e+01]
 [7.63000000e+02 9.39000000e+02 3.13279941e-03 2.60000000e+01]
 [7.36000000e+02 9.66000000e+02 3.27441492e-03 2.70000000e+01]
 [5.32000000e+02 9.93000000e+02 2.44258717e-03 2.80000000e+01]
 [1.40000000e+01 1.40000000e+01 1.49425131e-03 2.90000000e+01]
 [9.67000000e+02 1.39000000e+02 2.84174108e-03 3.00000000e+01]
 [1.06500000e+03 2.01000000e+02 2.07616063e-03 3.10000000e+01]
 [1.07900000e+03 4.52000000e+02 2.87029077e-03 3.20000000e+01]
 [1.03100000e+03 4.60000000e+02 2.95380922e-03 3.30000000e+01]
 [1.03000000e+03 4.61000000e+02 2.95353425e-03 3.40000000e+01]
 [3.09000000e+02 5.32000000e+02 7.10643968e-03 3.50000000e+01]
 [9.36000000e+02 5.41000000e+02 8.12862348e-03 3.60000000e+01]
 [9.37000000e+02 5.42000000e+02 8.13012198e-03 3.70000000e+01]
 [6.12000000e+02 6.48000000e+02 8.85681689e-01 3.80000000e+01]
 [2.94000000e+02 6.90000000e+02 2.20689992e-03 3.90000000e+01]
 [7.79000000e+02 8.66000000e+02 1.96855352e-03 4.00000000e+01]
 [7.95000000e+02 9.49000000e+02 2.17442540e-03 4.10000000e+01]
 [6.22000000e+02 9.52000000e+02 1.09862816e-03 4.20000000e+01]
 [8.74000000e+02 1.13700000e+03 1.67335675e-03 4.30000000e+01]
 [1.40000000e+01 1.40000000e+01 1.26558391e-03 4.40000000e+01]
 [3.72000000e+02 4.12000000e+02 1.85934093e-03 4.50000000e+01]
 [1.02700000e+03 5.00000000e+02 3.08434851e-03 4.60000000e+01]
 [7.35000000e+02 5.07000000e+02 7.56606221e-01 4.70000000e+01]
 [2.91000000e+02 5.47000000e+02 2.11884757e-03 4.80000000e+01]
 [3.79000000e+02 7.07000000e+02 4.31270804e-03 4.90000000e+01]
 [6.21000000e+02 1.13900000e+03 3.36537347e-03 5.00000000e+01]
 [7.88000000e+02 1.19300000e+03 1.92830316e-03 5.10000000e+01]
 [2.93000000e+02 1.28800000e+03 2.60472647e-03 5.20000000e+01]
 [5.47000000e+02 1.31500000e+03 2.10293289e-03 5.30000000e+01]
 [3.90000000e+02 1.37900000e+03 2.10080203e-03 5.40000000e+01]
 [7.04000000e+02 2.97000000e+02 1.21438166e-03 5.50000000e+01]
 [3.83000000e+02 3.76000000e+02 2.70664319e-03 5.60000000e+01]
 [9.56000000e+02 3.78000000e+02 3.35712591e-03 5.70000000e+01]
 [2.88000000e+02 5.42000000e+02 1.65580574e-03 5.80000000e+01]
 [6.83000000e+02 5.64000000e+02 8.86505663e-01 5.90000000e+01]
 [9.49000000e+02 5.84000000e+02 1.32445665e-03 6.00000000e+01]
 [7.91000000e+02 8.73000000e+02 2.40646955e-03 6.10000000e+01]
 [7.44000000e+02 9.81000000e+02 3.03022494e-03 6.20000000e+01]
 [7.45000000e+02 9.82000000e+02 3.03059327e-03 6.30000000e+01]
 [7.46000000e+02 9.83000000e+02 3.03056114e-03 6.40000000e+01]
 [7.47000000e+02 9.85000000e+02 3.03009665e-03 6.50000000e+01]
 [7.48000000e+02 9.87000000e+02 3.03021097e-03 6.60000000e+01]
 [5.38000000e+02 1.01700000e+03 2.59772269e-03 6.70000000e+01]
 [7.75000000e+02 1.01900000e+03 3.09475511e-03 6.80000000e+01]
 [7.76000000e+02 1.02000000e+03 3.09696025e-03 6.90000000e+01]
 [6.26000000e+02 1.16900000e+03 1.35095452e-03 7.00000000e+01]
 [1.40000000e+01 1.40000000e+01 2.05475558e-03 7.10000000e+01]
 [1.06500000e+03 2.09000000e+02 2.47593597e-03 7.20000000e+01]
 [1.07900000e+03 3.72000000e+02 4.11720295e-03 7.30000000e+01]
 [7.13000000e+02 6.67000000e+02 4.03280973e-01 7.40000000e+01]
 [6.23000000e+02 1.05700000e+03 1.76554150e-03 7.50000000e+01]
 [9.47000000e+02 1.10500000e+03 1.21775293e-03 7.60000000e+01]
 [6.25000000e+02 1.19300000e+03 1.40971097e-03 7.70000000e+01]
 [4.56000000e+02 1.21200000e+03 1.28107145e-03 7.80000000e+01]
 [1.40000000e+01 1.40000000e+01 1.75540231e-03 7.90000000e+01]
 [1.06500000e+03 2.06000000e+02 1.16981927e-03 8.00000000e+01]
 [7.23000000e+02 2.17000000e+02 1.22316298e-03 8.10000000e+01]
 [8.72000000e+02 2.25000000e+02 2.75810831e-03 8.20000000e+01]
 [7.78000000e+02 4.91000000e+02 3.98489714e-01 8.30000000e+01]
 [1.07900000e+03 6.89000000e+02 1.48670212e-03 8.40000000e+01]
 [7.05000000e+02 7.00000000e+02 2.46764332e-01 8.50000000e+01]
 [4.64000000e+02 7.81000000e+02 1.29217049e-03 8.60000000e+01]
 [4.63000000e+02 7.85000000e+02 1.29285862e-03 8.70000000e+01]
 [9.43000000e+02 7.87000000e+02 3.50343692e-03 8.80000000e+01]
 [4.62000000e+02 7.89000000e+02 1.29397726e-03 8.90000000e+01]
 [4.55000000e+02 8.77000000e+02 2.30306853e-03 9.00000000e+01]
 [8.50000000e+02 9.38000000e+02 1.37129687e-02 9.10000000e+01]
 [9.56000000e+02 1.11600000e+03 5.35678817e-03 9.20000000e+01]
 [6.23000000e+02 1.13100000e+03 5.89019107e-03 9.30000000e+01]
 [1.40000000e+01 1.40000000e+01 2.68401229e-03 9.40000000e+01]
 [7.70000000e+02 3.76000000e+02 2.56656413e-03 9.50000000e+01]
 [6.25000000e+02 4.18000000e+02 3.20160203e-03 9.60000000e+01]
 [4.54000000e+02 4.59000000e+02 1.09211856e-03 9.70000000e+01]
 [2.90000000e+02 4.74000000e+02 1.27950346e-03 9.80000000e+01]
 [7.22000000e+02 5.42000000e+02 4.16315859e-03 9.90000000e+01]
 [7.71000000e+02 8.11000000e+02 1.70636717e-02 1.00000000e+02]
 [3.04000000e+02 8.45000000e+02 4.53337235e-03 1.01000000e+02]
 [5.41000000e+02 8.49000000e+02 9.75367785e-01 1.02000000e+02]
 [7.80000000e+02 9.28000000e+02 1.57805607e-02 1.03000000e+02]
 [6.23000000e+02 1.12700000e+03 1.72620278e-03 1.04000000e+02]
 [3.66000000e+02 4.69000000e+02 1.65473204e-03 1.05000000e+02]
 [6.73000000e+02 5.40000000e+02 7.17053795e-03 1.06000000e+02]
 [5.39000000e+02 7.09000000e+02 3.73353902e-03 1.07000000e+02]
 [3.74000000e+02 7.12000000e+02 2.97977170e-03 1.08000000e+02]
 [8.70000000e+02 8.61000000e+02 2.19126046e-03 1.09000000e+02]
 [7.67000000e+02 9.53000000e+02 1.97886443e-03 1.10000000e+02]
 [9.56000000e+02 9.92000000e+02 6.05784822e-03 1.11000000e+02]
 [5.11000000e+02 1.03300000e+03 8.38482916e-01 1.12000000e+02]
 [5.35000000e+02 1.27300000e+03 7.04570720e-03 1.13000000e+02]
 [4.46000000e+02 1.37900000e+03 1.08851958e-03 1.14000000e+02]
 [3.70000000e+02 5.11000000e+02 1.16210151e-03 1.15000000e+02]
 [7.03000000e+02 5.42000000e+02 8.25213827e-03 1.16000000e+02]
 [4.44000000e+02 7.98000000e+02 1.77287811e-03 1.17000000e+02]
 [6.29000000e+02 8.06000000e+02 6.85664872e-03 1.18000000e+02]
 [3.83000000e+02 8.77000000e+02 1.09978416e-03 1.19000000e+02]
 [4.49000000e+02 9.79000000e+02 9.65995621e-03 1.20000000e+02]
 [7.06000000e+02 1.05000000e+03 2.68828422e-02 1.21000000e+02]
 [9.55000000e+02 1.14100000e+03 5.78185730e-03 1.22000000e+02]
 [7.80000000e+02 1.19300000e+03 1.28067415e-02 1.23000000e+02]
 [4.61000000e+02 1.20300000e+03 8.66540968e-01 1.24000000e+02]
 [6.87000000e+02 1.20600000e+03 2.62718871e-02 1.25000000e+02]
 [2.20000000e+02 1.24000000e+03 3.36475740e-03 1.26000000e+02]
 [2.21000000e+02 1.24200000e+03 3.33798444e-03 1.27000000e+02]
 [1.40000000e+01 1.40000000e+01 2.99964938e-03 1.28000000e+02]
 [4.70000000e+02 4.99000000e+02 2.51980405e-03 1.29000000e+02]
 [6.93000000e+02 5.42000000e+02 8.80488660e-03 1.30000000e+02]
 [8.51000000e+02 6.36000000e+02 1.06116058e-03 1.31000000e+02]
 [3.76000000e+02 7.09000000e+02 3.45906988e-03 1.32000000e+02]
 [6.69000000e+02 8.37000000e+02 9.24083710e-01 1.33000000e+02]
 [9.47000000e+02 8.79000000e+02 1.15718821e-03 1.34000000e+02]
 [6.03000000e+02 1.12100000e+03 3.95792862e-03 1.35000000e+02]
 [6.25000000e+02 1.20100000e+03 1.31407939e-03 1.36000000e+02]
 [8.35000000e+02 1.21800000e+03 1.45607314e-03 1.37000000e+02]
 [1.40000000e+01 1.40000000e+01 2.54626619e-03 1.38000000e+02]
 [6.13000000e+02 4.65000000e+02 5.53715136e-03 1.39000000e+02]
 [7.02000000e+02 5.41000000e+02 5.25956275e-03 1.40000000e+02]
 [5.41000000e+02 5.45000000e+02 7.32445251e-03 1.41000000e+02]
 [6.22000000e+02 7.07000000e+02 7.35998433e-03 1.42000000e+02]
 [7.57000000e+02 1.00000000e+03 9.02498960e-01 1.43000000e+02]
 [2.92000000e+02 1.18300000e+03 1.01249793e-03 1.44000000e+02]
 [9.72000000e+02 1.24700000e+03 2.18378217e-03 1.45000000e+02]
 [9.44000000e+02 1.35800000e+03 2.77718343e-03 1.46000000e+02]
 [1.40000000e+01 1.40000000e+01 1.83914846e-03 1.47000000e+02]
 [5.93000000e+02 4.62000000e+02 4.36972082e-03 1.48000000e+02]
 [6.14000000e+02 6.30000000e+02 3.66558949e-03 1.49000000e+02]
 [8.74000000e+02 6.43000000e+02 1.11491070e-03 1.50000000e+02]
 [4.82000000e+02 6.99000000e+02 1.34835660e-03 1.51000000e+02]
 [7.76000000e+02 8.84000000e+02 7.72896223e-03 1.52000000e+02]
 [4.56000000e+02 9.53000000e+02 1.66765694e-03 1.53000000e+02]
 [7.90000000e+02 1.14700000e+03 7.73517430e-01 1.54000000e+02]
 [1.01700000e+03 1.19600000e+03 5.62414434e-03 1.55000000e+02]
 [6.04000000e+02 2.17000000e+02 1.67676748e-03 1.56000000e+02]
 [3.88000000e+02 4.46000000e+02 6.32397970e-03 1.57000000e+02]
 [6.13000000e+02 4.71000000e+02 9.32349443e-01 1.58000000e+02]
 [8.64000000e+02 5.03000000e+02 1.31312129e-03 1.59000000e+02]
 [4.27000000e+02 7.53000000e+02 1.01514487e-03 1.60000000e+02]
 [4.28000000e+02 7.54000000e+02 1.01325696e-03 1.61000000e+02]
 [4.54000000e+02 8.24000000e+02 1.29358121e-03 1.62000000e+02]
 [4.56000000e+02 1.21000000e+03 1.01751871e-02 1.63000000e+02]
 [6.96000000e+02 2.20000000e+02 2.15291977e-03 1.64000000e+02]
 [8.53000000e+02 4.64000000e+02 8.45796615e-03 1.65000000e+02]
 [6.41000000e+02 4.70000000e+02 9.22708750e-01 1.66000000e+02]
 [8.95000000e+02 6.53000000e+02 1.24684838e-03 1.67000000e+02]
 [6.23000000e+02 6.91000000e+02 9.89994034e-03 1.68000000e+02]
 [8.14000000e+02 7.41000000e+02 1.46979094e-03 1.69000000e+02]
 [7.20000000e+02 8.00000000e+02 2.14345567e-03 1.70000000e+02]
 [4.46000000e+02 9.48000000e+02 1.62246067e-03 1.71000000e+02]
 [5.52000000e+02 1.04500000e+03 1.03501300e-03 1.72000000e+02]
 [1.40000000e+01 2.87000000e+02 1.03913876e-03 1.73000000e+02]
 [9.68000000e+02 4.06000000e+02 1.06853060e-03 1.74000000e+02]
 [5.56000000e+02 4.79000000e+02 8.18393767e-01 1.75000000e+02]
 [2.99000000e+02 5.41000000e+02 2.57412391e-03 1.76000000e+02]
 [7.03000000e+02 9.52000000e+02 3.14477785e-03 1.77000000e+02]
 [5.49000000e+02 9.58000000e+02 1.54641597e-03 1.78000000e+02]
 [8.01000000e+02 1.11200000e+03 1.22094003e-03 1.79000000e+02]
 [8.02000000e+02 1.11300000e+03 1.22064177e-03 1.80000000e+02]
 [3.74000000e+02 3.85000000e+02 1.27612555e-03 1.81000000e+02]
 [6.78000000e+02 4.66000000e+02 1.40074238e-01 1.82000000e+02]
 [7.13000000e+02 9.20000000e+02 1.88734545e-03 1.83000000e+02]]