[[3.69000000e+02 4.22000000e+02 9.77153301e-01 0.00000000e+00]
 [4.06000000e+02 4.75000000e+02 9.68099356e-01 1.00000000e+00]
 [3.24000000e+02 4.74000000e+02 9.21189845e-01 2.00000000e+00]
 [3.04000000e+02 5.82000000e+02 9.39888537e-01 3.00000000e+00]
 [3.76000000e+02 5.17000000e+02 9.93037045e-01 4.00000000e+00]
 [4.73000000e+02 4.73000000e+02 9.62937117e-01 5.00000000e+00]
 [5.22000000e+02 5.66000000e+02 9.21131372e-01 6.00000000e+00]
 [5.07000000e+02 6.30000000e+02 9.95509267e-01 7.00000000e+00]
 [3.24000000e+02 6.86000000e+02 8.75487030e-01 8.00000000e+00]
 [2.60000000e+02 8.18000000e+02 9.53928709e-01 9.00000000e+00]
 [2.38000000e+02 9.49000000e+02 8.86062384e-01 1.00000000e+01]
 [4.26000000e+02 6.87000000e+02 8.77277613e-01 1.10000000e+01]
 [4.76000000e+02 8.10000000e+02 8.94230008e-01 1.20000000e+01]
 [5.24000000e+02 9.47000000e+02 9.13115144e-01 1.30000000e+01]
 [3.59000000e+02 4.09000000e+02 9.55040395e-01 1.40000000e+01]
 [3.87000000e+02 4.10000000e+02 9.73052382e-01 1.50000000e+01]
 [3.55000000e+02 4.08000000e+02 1.46844804e-01 1.60000000e+01]
 [4.25000000e+02 4.03000000e+02 9.54375744e-01 1.70000000e+01]]