[[7.56000000e+02 5.35000000e+02 8.08460355e-01 0.00000000e+00]
 [7.16000000e+02 6.09000000e+02 9.62195158e-01 1.00000000e+00]
 [6.32000000e+02 6.10000000e+02 9.35323834e-01 2.00000000e+00]
 [5.65000000e+02 7.21000000e+02 8.61342669e-01 3.00000000e+00]
 [5.64000000e+02 8.12000000e+02 5.54093182e-01 4.00000000e+00]
 [8.02000000e+02 6.11000000e+02 9.20768857e-01 5.00000000e+00]
 [8.31000000e+02 7.23000000e+02 8.60752940e-01 6.00000000e+00]
 [8.30000000e+02 8.24000000e+02 8.49455595e-01 7.00000000e+00]
 [6.34000000e+02 8.55000000e+02 9.32277441e-01 8.00000000e+00]
 [5.72000000e+02 1.02200000e+03 9.23902810e-01 9.00000000e+00]
 [5.19000000e+02 1.20300000e+03 9.01353836e-01 1.00000000e+01]
 [7.65000000e+02 8.55000000e+02 8.91204536e-01 1.10000000e+01]
 [8.57000000e+02 1.00300000e+03 7.98223555e-01 1.20000000e+01]
 [9.10000000e+02 1.15600000e+03 7.45607972e-01 1.30000000e+01]
 [7.37000000e+02 5.21000000e+02 8.10679913e-01 1.40000000e+01]
 [7.70000000e+02 5.10000000e+02 7.59447396e-01 1.50000000e+01]
 [6.99000000e+02 5.19000000e+02 8.00504684e-01 1.60000000e+01]]