[[1.40000000e+01 2.21000000e+02 1.14935834e-03 0.00000000e+00]
 [6.42000000e+02 4.90000000e+02 8.94495308e-01 1.00000000e+00]
 [3.79000000e+02 5.02000000e+02 2.78122211e-03 2.00000000e+00]
 [9.04000000e+02 6.54000000e+02 1.95789221e-03 3.00000000e+00]
 [5.35000000e+02 7.92000000e+02 3.40021146e-03 4.00000000e+00]
 [7.89000000e+02 7.94000000e+02 3.96620389e-03 5.00000000e+00]
 [5.49000000e+02 1.04300000e+03 1.85951509e-03 6.00000000e+00]
 [8.54000000e+02 1.04300000e+03 4.45601344e-03 7.00000000e+00]
 [6.23000000e+02 5.66000000e+02 9.36174214e-01 8.00000000e+00]
 [3.81000000e+02 5.75000000e+02 3.06771696e-03 9.00000000e+00]
 [8.61000000e+02 6.23000000e+02 5.43819088e-03 1.00000000e+01]
 [8.53000000e+02 6.78000000e+02 4.91285976e-03 1.10000000e+01]
 [6.26000000e+02 7.72000000e+02 1.59369409e-02 1.20000000e+01]
 [7.97000000e+02 8.67000000e+02 1.17006665e-03 1.30000000e+01]
 [5.39000000e+02 9.32000000e+02 3.10577173e-03 1.40000000e+01]
 [7.12000000e+02 9.60000000e+02 1.70054706e-03 1.50000000e+01]
 [7.87000000e+02 1.03500000e+03 1.22359581e-03 1.60000000e+01]
 [7.84000000e+02 1.40000000e+01 2.05494137e-03 1.70000000e+01]
 [7.35000000e+02 3.48000000e+02 1.14273466e-03 1.80000000e+01]
 [3.05000000e+02 5.44000000e+02 7.97231682e-03 1.90000000e+01]
 [5.34000000e+02 5.65000000e+02 9.63811994e-01 2.00000000e+01]
 [8.51000000e+02 5.65000000e+02 1.91978179e-03 2.10000000e+01]
 [7.82000000e+02 5.85000000e+02 1.21471928e-02 2.20000000e+01]
 [7.81000000e+02 5.86000000e+02 1.21537652e-02 2.30000000e+01]
 [9.52000000e+02 6.43000000e+02 1.31191104e-03 2.40000000e+01]
 [4.54000000e+02 8.72000000e+02 1.04504153e-02 2.50000000e+01]
 [5.37000000e+02 9.60000000e+02 2.84383888e-03 2.60000000e+01]
 [7.39000000e+02 9.73000000e+02 3.65504459e-03 2.70000000e+01]
 [1.40000000e+01 1.40000000e+01 1.05591409e-03 2.80000000e+01]
 [7.87000000e+02 6.25000000e+02 5.89168910e-03 2.90000000e+01]
 [4.98000000e+02 6.98000000e+02 7.26566911e-01 3.00000000e+01]
 [8.91000000e+02 7.01000000e+02 2.65040551e-03 3.10000000e+01]
 [7.75000000e+02 7.97000000e+02 7.98716582e-03 3.20000000e+01]
 [7.88000000e+02 9.48000000e+02 1.70599413e-03 3.30000000e+01]
 [8.72000000e+02 1.13600000e+03 2.07424466e-03 3.40000000e+01]
 [1.40000000e+01 1.40000000e+01 2.26885988e-03 3.50000000e+01]
 [5.54000000e+02 4.69000000e+02 8.20387900e-03 3.60000000e+01]
 [3.82000000e+02 4.83000000e+02 2.10905331e-03 3.70000000e+01]
 [7.89000000e+02 5.24000000e+02 3.66067304e-03 3.80000000e+01]
 [2.98000000e+02 5.56000000e+02 1.77302887e-03 3.90000000e+01]
 [2.97000000e+02 5.57000000e+02 1.77150825e-03 4.00000000e+01]
 [2.96000000e+02 5.59000000e+02 1.77228893e-03 4.10000000e+01]
 [2.95000000e+02 5.60000000e+02 1.77399931e-03 4.20000000e+01]
 [2.94000000e+02 5.62000000e+02 1.77535019e-03 4.30000000e+01]
 [2.90000000e+02 5.71000000e+02 1.76646677e-03 4.40000000e+01]
 [2.89000000e+02 5.74000000e+02 1.76176941e-03 4.50000000e+01]
 [7.79000000e+02 7.95000000e+02 5.58142643e-03 4.60000000e+01]
 [5.01000000e+02 8.18000000e+02 4.93365705e-01 4.70000000e+01]
 [7.28000000e+02 9.81000000e+02 1.15212018e-03 4.80000000e+01]
 [5.22000000e+02 1.03200000e+03 4.69734194e-03 4.90000000e+01]
 [3.32000000e+02 1.12100000e+03 1.03877136e-03 5.00000000e+01]
 [7.91000000e+02 1.15200000e+03 1.88007997e-03 5.10000000e+01]
 [6.20000000e+02 1.20600000e+03 7.12560164e-03 5.20000000e+01]
 [3.49000000e+02 1.20700000e+03 1.47700263e-03 5.30000000e+01]
 [4.18000000e+02 1.37800000e+03 1.56418316e-03 5.40000000e+01]
 [7.84000000e+02 1.40000000e+01 2.13759067e-03 5.50000000e+01]
 [2.91000000e+02 5.41000000e+02 1.30760577e-03 5.60000000e+01]
 [4.66000000e+02 5.63000000e+02 7.31558725e-03 5.70000000e+01]
 [7.14000000e+02 5.67000000e+02 9.23473716e-01 5.80000000e+01]
 [9.58000000e+02 7.24000000e+02 1.10142422e-03 5.90000000e+01]
 [9.73000000e+02 7.39000000e+02 1.23667135e-03 6.00000000e+01]
 [5.37000000e+02 9.62000000e+02 2.97899754e-03 6.10000000e+01]
 [7.77000000e+02 1.00300000e+03 3.11255176e-03 6.20000000e+01]
 [1.40000000e+01 1.40000000e+01 1.62218662e-03 6.30000000e+01]
 [5.65000000e+02 3.87000000e+02 1.22456253e-03 6.40000000e+01]
 [5.64000000e+02 3.88000000e+02 1.22395565e-03 6.50000000e+01]
 [5.49000000e+02 3.98000000e+02 1.21479994e-03 6.60000000e+01]
 [5.53000000e+02 5.79000000e+02 4.06581862e-03 6.70000000e+01]
 [7.69000000e+02 6.91000000e+02 8.57214570e-01 6.80000000e+01]
 [5.56000000e+02 7.01000000e+02 8.03203788e-03 6.90000000e+01]
 [7.85000000e+02 9.49000000e+02 4.72255098e-03 7.00000000e+01]
 [6.63000000e+02 9.53000000e+02 2.43481761e-03 7.10000000e+01]
 [6.54000000e+02 9.54000000e+02 2.43067835e-03 7.20000000e+01]
 [6.50000000e+02 9.55000000e+02 2.43648980e-03 7.30000000e+01]
 [6.45000000e+02 9.56000000e+02 2.43347860e-03 7.40000000e+01]
 [6.14000000e+02 9.80000000e+02 2.32530222e-03 7.50000000e+01]
 [4.58000000e+02 1.21100000e+03 1.51998329e-03 7.60000000e+01]
 [1.40000000e+01 1.40000000e+01 2.43276707e-03 7.70000000e+01]
 [5.90000000e+02 3.93000000e+02 4.43856884e-03 7.80000000e+01]
 [7.32000000e+02 4.63000000e+02 3.60631221e-03 7.90000000e+01]
 [7.40000000e+02 7.77000000e+02 9.12411869e-01 8.00000000e+01]
 [3.73000000e+02 7.83000000e+02 2.51650671e-03 8.10000000e+01]
 [6.23000000e+02 1.04100000e+03 2.23919144e-03 8.20000000e+01]
 [9.54000000e+02 1.04400000e+03 6.29777182e-03 8.30000000e+01]
 [6.41000000e+02 1.11900000e+03 2.57699308e-03 8.40000000e+01]
 [6.42000000e+02 1.12000000e+03 2.57657026e-03 8.50000000e+01]
 [1.40000000e+01 1.40000000e+01 2.94573815e-03 8.60000000e+01]
 [7.24000000e+02 5.34000000e+02 1.37559476e-03 8.70000000e+01]
 [8.04000000e+02 6.14000000e+02 2.47441861e-03 8.80000000e+01]
 [5.54000000e+02 8.31000000e+02 9.52003717e-01 8.90000000e+01]
 [7.69000000e+02 8.35000000e+02 1.98496263e-02 9.00000000e+01]
 [3.01000000e+02 8.61000000e+02 2.37645907e-03 9.10000000e+01]
 [8.79000000e+02 1.12900000e+03 1.39804627e-03 9.20000000e+01]
 [7.58000000e+02 5.37000000e+02 2.45568226e-03 9.30000000e+01]
 [6.42000000e+02 5.44000000e+02 3.17205675e-03 9.40000000e+01]
 [3.55000000e+02 7.61000000e+02 3.01271584e-03 9.50000000e+01]
 [7.72000000e+02 9.53000000e+02 2.79938010e-03 9.60000000e+01]
 [9.55000000e+02 9.65000000e+02 3.82664730e-03 9.70000000e+01]
 [5.22000000e+02 1.02100000e+03 9.06185865e-01 9.80000000e+01]
 [7.78000000e+02 1.10700000e+03 1.11381244e-03 9.90000000e+01]
 [7.77000000e+02 1.11100000e+03 1.08862540e-03 1.00000000e+02]
 [5.58000000e+02 1.28400000e+03 1.99172203e-03 1.01000000e+02]
 [5.54000000e+02 4.62000000e+02 1.52173953e-03 1.02000000e+02]
 [5.55000000e+02 4.63000000e+02 1.52133289e-03 1.03000000e+02]
 [8.80000000e+02 6.26000000e+02 1.03889348e-03 1.04000000e+02]
 [6.23000000e+02 6.27000000e+02 5.45950700e-03 1.05000000e+02]
 [8.81000000e+02 6.27000000e+02 1.03887473e-03 1.06000000e+02]
 [4.26000000e+02 7.33000000e+02 3.18155065e-03 1.07000000e+02]
 [4.25000000e+02 7.34000000e+02 3.18103260e-03 1.08000000e+02]
 [4.24000000e+02 7.35000000e+02 3.18052899e-03 1.09000000e+02]
 [3.87000000e+02 8.02000000e+02 3.47513473e-03 1.10000000e+02]
 [3.82000000e+02 8.83000000e+02 4.45855735e-03 1.11000000e+02]
 [6.96000000e+02 1.06000000e+03 2.03682687e-02 1.12000000e+02]
 [9.56000000e+02 1.13500000e+03 5.51578449e-03 1.13000000e+02]
 [7.82000000e+02 1.15900000e+03 1.27752330e-02 1.14000000e+02]
 [4.61000000e+02 1.19400000e+03 8.68920028e-01 1.15000000e+02]
 [6.91000000e+02 1.19900000e+03 2.31989529e-02 1.16000000e+02]
 [2.26000000e+02 1.26300000e+03 3.77601618e-03 1.17000000e+02]
 [2.27000000e+02 1.26800000e+03 3.75458784e-03 1.18000000e+02]
 [2.28000000e+02 1.27200000e+03 3.73031572e-03 1.19000000e+02]
 [2.30000000e+02 1.27800000e+03 3.67080234e-03 1.20000000e+02]
 [8.88000000e+02 1.28000000e+03 2.67446390e-03 1.21000000e+02]
 [8.90000000e+02 1.28100000e+03 2.67635658e-03 1.22000000e+02]
 [3.83000000e+02 1.43900000e+03 5.76455193e-03 1.23000000e+02]
 [3.84000000e+02 1.44000000e+03 5.78681426e-03 1.24000000e+02]
 [1.40000000e+01 1.40000000e+01 3.26936366e-03 1.25000000e+02]
 [7.16000000e+02 5.44000000e+02 2.37522111e-03 1.26000000e+02]
 [8.98000000e+02 6.04000000e+02 1.48436672e-03 1.27000000e+02]
 [8.57000000e+02 6.37000000e+02 1.13300455e-03 1.28000000e+02]
 [8.55000000e+02 6.38000000e+02 1.13243889e-03 1.29000000e+02]
 [8.54000000e+02 6.39000000e+02 1.12881477e-03 1.30000000e+02]
 [8.53000000e+02 6.40000000e+02 1.12498295e-03 1.31000000e+02]
 [8.51000000e+02 6.41000000e+02 1.12099538e-03 1.32000000e+02]
 [3.73000000e+02 7.36000000e+02 3.19312001e-03 1.33000000e+02]
 [9.48000000e+02 8.14000000e+02 1.60751084e-03 1.34000000e+02]
 [6.92000000e+02 8.29000000e+02 8.98249805e-01 1.35000000e+02]
 [5.06000000e+02 1.09400000e+03 2.90881982e-03 1.36000000e+02]
 [5.92000000e+02 1.12900000e+03 3.28005385e-03 1.37000000e+02]
 [8.49000000e+02 1.22500000e+03 1.53723138e-03 1.38000000e+02]
 [1.40000000e+01 1.40000000e+01 2.35637580e-03 1.39000000e+02]
 [5.39000000e+02 5.28000000e+02 2.75083119e-03 1.40000000e+02]
 [7.16000000e+02 5.59000000e+02 6.61463756e-03 1.41000000e+02]
 [8.71000000e+02 7.10000000e+02 1.71105820e-03 1.42000000e+02]
 [7.59000000e+02 9.97000000e+02 8.91611516e-01 1.43000000e+02]
 [4.56000000e+02 1.21000000e+03 1.75415142e-03 1.44000000e+02]
 [9.43000000e+02 1.36500000e+03 3.03125684e-03 1.45000000e+02]
 [1.40000000e+01 1.40000000e+01 1.64838089e-03 1.46000000e+02]
 [7.02000000e+02 5.46000000e+02 4.55638580e-03 1.47000000e+02]
 [7.67000000e+02 7.94000000e+02 5.83224278e-03 1.48000000e+02]
 [7.19000000e+02 8.80000000e+02 6.45263959e-03 1.49000000e+02]
 [7.23000000e+02 8.81000000e+02 6.43727509e-03 1.50000000e+02]
 [5.50000000e+02 1.12500000e+03 1.81447412e-03 1.51000000e+02]
 [8.09000000e+02 1.14400000e+03 7.63733983e-01 1.52000000e+02]
 [8.18000000e+02 1.44200000e+03 2.97095533e-03 1.53000000e+02]
 [6.31000000e+02 2.18000000e+02 2.34374590e-03 1.54000000e+02]
 [8.59000000e+02 4.52000000e+02 8.12519901e-03 1.55000000e+02]
 [3.86000000e+02 4.61000000e+02 4.96421661e-03 1.56000000e+02]
 [6.26000000e+02 4.70000000e+02 9.13799167e-01 1.57000000e+02]
 [5.30000000e+02 7.95000000e+02 2.38544401e-03 1.58000000e+02]
 [4.55000000e+02 8.63000000e+02 1.96002028e-03 1.59000000e+02]
 [4.54000000e+02 8.64000000e+02 1.96006661e-03 1.60000000e+02]
 [8.72000000e+02 1.12600000e+03 2.89632287e-03 1.61000000e+02]
 [4.56000000e+02 1.21000000e+03 7.72551866e-03 1.62000000e+02]
 [8.15000000e+02 1.29600000e+03 1.22578663e-03 1.63000000e+02]
 [6.76000000e+02 2.20000000e+02 2.78402562e-03 1.64000000e+02]
 [6.60000000e+02 4.69000000e+02 8.79760325e-01 1.65000000e+02]
 [8.97000000e+02 6.56000000e+02 1.65518851e-03 1.66000000e+02]
 [6.92000000e+02 6.88000000e+02 1.67474449e-02 1.67000000e+02]
 [7.77000000e+02 7.92000000e+02 2.72230874e-03 1.68000000e+02]
 [4.45000000e+02 9.58000000e+02 1.32492417e-03 1.69000000e+02]
 [6.02000000e+02 2.17000000e+02 1.49188680e-03 1.70000000e+02]
 [8.71000000e+02 4.41000000e+02 1.47033378e-03 1.71000000e+02]
 [5.92000000e+02 4.73000000e+02 7.92989850e-01 1.72000000e+02]
 [7.05000000e+02 9.65000000e+02 3.16311046e-03 1.73000000e+02]
 [7.88000000e+02 1.09500000e+03 1.72506983e-03 1.74000000e+02]
 [6.45000000e+02 2.23000000e+02 1.66688999e-03 1.75000000e+02]
 [3.75000000e+02 4.59000000e+02 1.25717779e-03 1.76000000e+02]
 [6.71000000e+02 4.66000000e+02 4.34090197e-01 1.77000000e+02]
 [7.07000000e+02 9.64000000e+02 1.84664212e-03 1.78000000e+02]]