[[6.34000000e+02 2.16000000e+02 1.34310662e-03 0.00000000e+00]
 [3.78000000e+02 4.01000000e+02 2.85847695e-03 1.00000000e+00]
 [9.50000000e+02 4.02000000e+02 1.76380074e-03 2.00000000e+00]
 [6.55000000e+02 4.65000000e+02 8.53153706e-01 3.00000000e+00]
 [6.69000000e+02 6.92000000e+02 5.43974480e-03 4.00000000e+00]
 [5.48000000e+02 1.04300000e+03 2.56609358e-03 5.00000000e+00]
 [8.50000000e+02 1.04700000e+03 2.31638760e-03 6.00000000e+00]
 [5.61000000e+02 3.01000000e+02 2.92169768e-03 7.00000000e+00]
 [3.86000000e+02 5.27000000e+02 5.53667033e-03 8.00000000e+00]
 [6.19000000e+02 5.51000000e+02 9.48850572e-01 9.00000000e+00]
 [8.58000000e+02 5.51000000e+02 6.54491037e-03 1.00000000e+01]
 [6.23000000e+02 7.84000000e+02 7.38984719e-03 1.10000000e+01]
 [5.96000000e+02 8.75000000e+02 2.64807604e-03 1.20000000e+01]
 [5.40000000e+02 9.48000000e+02 3.24641680e-03 1.30000000e+01]
 [7.17000000e+02 9.62000000e+02 1.44460076e-03 1.40000000e+01]
 [7.87000000e+02 1.03300000e+03 1.34012441e-03 1.50000000e+01]
 [5.37000000e+02 3.02000000e+02 4.09179786e-03 1.60000000e+01]
 [7.70000000e+02 4.04000000e+02 1.19051244e-02 1.70000000e+01]
 [8.62000000e+02 5.23000000e+02 3.25527997e-03 1.80000000e+01]
 [3.02000000e+02 5.33000000e+02 4.10585618e-03 1.90000000e+01]
 [9.49000000e+02 5.38000000e+02 1.28207076e-03 2.00000000e+01]
 [1.02900000e+03 5.43000000e+02 1.05430314e-03 2.10000000e+01]
 [7.69000000e+02 5.44000000e+02 2.49575432e-02 2.20000000e+01]
 [5.44000000e+02 5.45000000e+02 9.84548390e-01 2.30000000e+01]
 [1.07900000e+03 5.45000000e+02 1.02614763e-03 2.40000000e+01]
 [5.63000000e+02 7.79000000e+02 5.78801334e-03 2.50000000e+01]
 [7.88000000e+02 8.93000000e+02 2.83495709e-03 2.60000000e+01]
 [7.46000000e+02 9.53000000e+02 2.32507195e-03 2.70000000e+01]
 [5.07000000e+02 9.60000000e+02 1.05062884e-03 2.80000000e+01]
 [7.38000000e+02 9.61000000e+02 2.33167573e-03 2.90000000e+01]
 [8.72000000e+02 1.11600000e+03 1.16136647e-03 3.00000000e+01]
 [9.59000000e+02 1.23000000e+02 1.05375261e-03 3.10000000e+01]
 [6.32000000e+02 3.85000000e+02 6.46943832e-03 3.20000000e+01]
 [3.48000000e+02 4.34000000e+02 1.09001296e-03 3.30000000e+01]
 [9.39000000e+02 5.50000000e+02 4.16501332e-03 3.40000000e+01]
 [9.40000000e+02 5.51000000e+02 4.16323962e-03 3.50000000e+01]
 [1.02600000e+03 5.55000000e+02 2.99233058e-03 3.60000000e+01]
 [1.07900000e+03 5.55000000e+02 2.85629672e-03 3.70000000e+01]
 [8.64000000e+02 5.80000000e+02 1.00183841e-02 3.80000000e+01]
 [2.90000000e+02 6.25000000e+02 2.27644970e-03 3.90000000e+01]
 [5.95000000e+02 6.34000000e+02 9.47508037e-01 4.00000000e+01]
 [5.99000000e+02 8.56000000e+02 1.54783716e-02 4.10000000e+01]
 [7.88000000e+02 8.69000000e+02 1.47595408e-03 4.20000000e+01]
 [8.71000000e+02 1.13400000e+03 2.16732733e-03 4.30000000e+01]
 [1.40000000e+01 1.40000000e+01 1.07818609e-03 4.40000000e+01]
 [7.07000000e+02 3.07000000e+02 1.06237959e-02 4.50000000e+01]
 [7.08000000e+02 5.51000000e+02 8.98818076e-01 4.60000000e+01]
 [9.34000000e+02 5.54000000e+02 2.26029698e-02 4.70000000e+01]
 [1.03300000e+03 5.97000000e+02 2.25628586e-03 4.80000000e+01]
 [1.03400000e+03 5.99000000e+02 2.26187729e-03 4.90000000e+01]
 [1.07900000e+03 6.24000000e+02 1.45117647e-03 5.00000000e+01]
 [6.22000000e+02 1.15600000e+03 2.91751884e-03 5.10000000e+01]
 [8.07000000e+02 1.15700000e+03 1.98344910e-03 5.20000000e+01]
 [3.34000000e+02 1.20100000e+03 1.29882386e-03 5.30000000e+01]
 [5.94000000e+02 1.35500000e+03 1.30462972e-03 5.40000000e+01]
 [5.93000000e+02 1.35600000e+03 1.30522833e-03 5.50000000e+01]
 [4.04000000e+02 1.37900000e+03 1.75074185e-03 5.60000000e+01]
 [7.26000000e+02 3.02000000e+02 3.28407530e-03 5.70000000e+01]
 [3.80000000e+02 4.60000000e+02 3.49666202e-03 5.80000000e+01]
 [1.07900000e+03 5.35000000e+02 1.02859398e-03 5.90000000e+01]
 [1.03900000e+03 5.36000000e+02 1.09241006e-03 6.00000000e+01]
 [6.94000000e+02 5.48000000e+02 8.94893885e-01 6.10000000e+01]
 [9.45000000e+02 5.49000000e+02 3.88826267e-03 6.20000000e+01]
 [3.80000000e+02 6.12000000e+02 2.50600418e-03 6.30000000e+01]
 [7.78000000e+02 7.71000000e+02 1.47565445e-02 6.40000000e+01]
 [8.01000000e+02 8.55000000e+02 2.44517578e-03 6.50000000e+01]
 [8.00000000e+02 8.56000000e+02 2.45150877e-03 6.60000000e+01]
 [7.36000000e+02 9.66000000e+02 1.78139971e-03 6.70000000e+01]
 [7.79000000e+02 1.02300000e+03 1.84580381e-03 6.80000000e+01]
 [7.80000000e+02 1.02400000e+03 1.84563547e-03 6.90000000e+01]
 [6.23000000e+02 1.15600000e+03 1.28367427e-03 7.00000000e+01]
 [1.07900000e+03 5.53000000e+02 1.03046873e-03 7.10000000e+01]
 [1.03100000e+03 5.74000000e+02 2.73339800e-03 7.20000000e+01]
 [7.47000000e+02 6.57000000e+02 6.14305019e-01 7.30000000e+01]
 [6.23000000e+02 1.05300000e+03 2.07747472e-03 7.40000000e+01]
 [8.80000000e+02 1.14100000e+03 1.18226791e-03 7.50000000e+01]
 [6.22000000e+02 1.19300000e+03 1.40576460e-03 7.60000000e+01]
 [4.58000000e+02 1.21100000e+03 1.59657514e-03 7.70000000e+01]
 [1.40000000e+01 1.40000000e+01 1.43370032e-03 7.80000000e+01]
 [7.30000000e+02 3.05000000e+02 2.97879777e-03 7.90000000e+01]
 [1.02700000e+03 4.70000000e+02 1.39718945e-03 8.00000000e+01]
 [7.39000000e+02 5.76000000e+02 4.12648708e-01 8.10000000e+01]
 [4.64000000e+02 6.22000000e+02 2.96912063e-03 8.20000000e+01]
 [1.03400000e+03 6.72000000e+02 6.72667753e-03 8.30000000e+01]
 [1.03500000e+03 6.74000000e+02 6.72760513e-03 8.40000000e+01]
 [1.07900000e+03 6.85000000e+02 5.83605655e-03 8.50000000e+01]
 [7.38000000e+02 6.88000000e+02 4.38474327e-01 8.60000000e+01]
 [4.52000000e+02 8.54000000e+02 1.55828835e-03 8.70000000e+01]
 [4.53000000e+02 8.55000000e+02 1.55987393e-03 8.80000000e+01]
 [7.06000000e+02 9.45000000e+02 4.87052836e-03 8.90000000e+01]
 [8.67000000e+02 9.49000000e+02 9.04739462e-03 9.00000000e+01]
 [9.56000000e+02 1.12100000e+03 4.49514296e-03 9.10000000e+01]
 [6.23000000e+02 1.12500000e+03 5.41966362e-03 9.20000000e+01]
 [1.06500000e+03 1.40000000e+01 1.03752594e-03 9.30000000e+01]
 [7.10000000e+02 5.24000000e+02 6.72655366e-03 9.40000000e+01]
 [1.06500000e+03 5.57000000e+02 1.02686766e-03 9.50000000e+01]
 [7.88000000e+02 6.25000000e+02 7.57880975e-03 9.60000000e+01]
 [7.65000000e+02 8.18000000e+02 2.25322936e-02 9.70000000e+01]
 [5.53000000e+02 8.26000000e+02 9.57792044e-01 9.80000000e+01]
 [8.82000000e+02 1.12400000e+03 1.13194773e-03 9.90000000e+01]
 [6.23000000e+02 1.12800000e+03 1.46829721e-03 1.00000000e+02]
 [7.78000000e+02 3.75000000e+02 1.33805664e-03 1.01000000e+02]
 [7.77000000e+02 3.76000000e+02 1.33794965e-03 1.02000000e+02]
 [7.71000000e+02 3.79000000e+02 1.33439736e-03 1.03000000e+02]
 [6.66000000e+02 5.46000000e+02 1.01662632e-02 1.04000000e+02]
 [1.06500000e+03 5.61000000e+02 1.22835510e-03 1.05000000e+02]
 [5.20000000e+02 7.09000000e+02 2.28919555e-03 1.06000000e+02]
 [3.90000000e+02 7.12000000e+02 2.57530017e-03 1.07000000e+02]
 [8.65000000e+02 7.92000000e+02 5.44050802e-03 1.08000000e+02]
 [6.91000000e+02 8.13000000e+02 6.47101691e-03 1.09000000e+02]
 [7.80000000e+02 1.00800000e+03 1.38192344e-03 1.10000000e+02]
 [5.23000000e+02 1.02700000e+03 9.25525486e-01 1.11000000e+02]
 [9.56000000e+02 1.02700000e+03 3.83373769e-03 1.12000000e+02]
 [5.46000000e+02 1.28300000e+03 3.32519272e-03 1.13000000e+02]
 [7.03000000e+02 5.43000000e+02 3.79503681e-03 1.14000000e+02]
 [4.31000000e+02 7.93000000e+02 3.75567423e-03 1.15000000e+02]
 [6.23000000e+02 8.73000000e+02 4.58239298e-03 1.16000000e+02]
 [3.73000000e+02 8.79000000e+02 3.00440588e-03 1.17000000e+02]
 [6.96000000e+02 1.05100000e+03 2.30080988e-02 1.18000000e+02]
 [9.56000000e+02 1.13700000e+03 5.96068893e-03 1.19000000e+02]
 [7.84000000e+02 1.19100000e+03 1.05271963e-02 1.20000000e+02]
 [4.60000000e+02 1.20000000e+03 8.89916599e-01 1.21000000e+02]
 [6.87000000e+02 1.20100000e+03 1.85638405e-02 1.22000000e+02]
 [2.22000000e+02 1.24900000e+03 3.82317789e-03 1.23000000e+02]
 [2.23000000e+02 1.25300000e+03 3.84739833e-03 1.24000000e+02]
 [2.24000000e+02 1.25900000e+03 3.86460521e-03 1.25000000e+02]
 [3.84000000e+02 1.44000000e+03 5.88406809e-03 1.26000000e+02]
 [3.85000000e+02 1.44100000e+03 5.90129476e-03 1.27000000e+02]
 [1.06500000e+03 1.90500000e+03 1.00328471e-03 1.28000000e+02]
 [1.40000000e+01 1.40000000e+01 1.16403541e-03 1.29000000e+02]
 [7.08000000e+02 4.64000000e+02 9.57271643e-03 1.30000000e+02]
 [7.10000000e+02 5.48000000e+02 8.22744984e-03 1.31000000e+02]
 [7.12000000e+02 5.49000000e+02 8.22756346e-03 1.32000000e+02]
 [3.75000000e+02 7.09000000e+02 3.33923264e-03 1.33000000e+02]
 [9.47000000e+02 8.22000000e+02 1.56632613e-03 1.34000000e+02]
 [6.79000000e+02 8.26000000e+02 9.02992249e-01 1.35000000e+02]
 [5.06000000e+02 1.10500000e+03 2.48543103e-03 1.36000000e+02]
 [5.17000000e+02 1.11400000e+03 2.46870192e-03 1.37000000e+02]
 [6.09000000e+02 1.13000000e+03 3.74932797e-03 1.38000000e+02]
 [8.33000000e+02 1.20900000e+03 1.72900280e-03 1.39000000e+02]
 [1.40000000e+01 1.40000000e+01 1.72976661e-03 1.40000000e+02]
 [6.66000000e+02 5.32000000e+02 6.35679998e-03 1.41000000e+02]
 [4.78000000e+02 6.30000000e+02 1.36728561e-03 1.42000000e+02]
 [8.53000000e+02 7.18000000e+02 4.01813723e-03 1.43000000e+02]
 [7.58000000e+02 9.91000000e+02 9.06211555e-01 1.44000000e+02]
 [9.47000000e+02 1.32500000e+03 2.87654810e-03 1.45000000e+02]
 [8.18000000e+02 1.38700000e+03 1.72203558e-03 1.46000000e+02]
 [1.40000000e+01 1.40000000e+01 1.32414117e-03 1.47000000e+02]
 [7.70000000e+02 3.74000000e+02 2.60625361e-03 1.48000000e+02]
 [6.23000000e+02 4.72000000e+02 4.03701654e-03 1.49000000e+02]
 [5.38000000e+02 6.15000000e+02 2.08541239e-03 1.50000000e+02]
 [7.18000000e+02 6.21000000e+02 3.90307605e-03 1.51000000e+02]
 [7.44000000e+02 8.79000000e+02 9.18168016e-03 1.52000000e+02]
 [7.46000000e+02 8.80000000e+02 9.18776542e-03 1.53000000e+02]
 [5.49000000e+02 1.11600000e+03 2.31394265e-03 1.54000000e+02]
 [7.91000000e+02 1.15100000e+03 8.39090884e-01 1.55000000e+02]
 [1.02000000e+03 1.19100000e+03 5.36397845e-03 1.56000000e+02]
 [8.12000000e+02 1.44700000e+03 2.28793756e-03 1.57000000e+02]
 [3.80000000e+02 3.97000000e+02 2.36034184e-03 1.58000000e+02]
 [6.42000000e+02 4.54000000e+02 8.44363034e-01 1.59000000e+02]
 [4.54000000e+02 8.04000000e+02 1.40174548e-03 1.60000000e+02]
 [7.89000000e+02 8.79000000e+02 1.13630563e-03 1.61000000e+02]
 [4.56000000e+02 1.21000000e+03 7.68867042e-03 1.62000000e+02]
 [8.09000000e+02 1.29400000e+03 1.13406219e-03 1.63000000e+02]
 [6.86000000e+02 2.22000000e+02 3.67240631e-03 1.64000000e+02]
 [3.79000000e+02 3.79000000e+02 2.33795191e-03 1.65000000e+02]
 [6.58000000e+02 4.53000000e+02 6.90771759e-01 1.66000000e+02]
 [4.42000000e+02 6.47000000e+02 1.31784845e-03 1.67000000e+02]
 [5.40000000e+02 7.07000000e+02 4.79303533e-03 1.68000000e+02]
 [7.37000000e+02 7.95000000e+02 1.93036976e-03 1.69000000e+02]
 [4.43000000e+02 9.52000000e+02 1.28184992e-03 1.70000000e+02]
 [5.44000000e+02 1.04300000e+03 1.34212431e-03 1.71000000e+02]
 [6.22000000e+02 2.28000000e+02 6.00552838e-03 1.72000000e+02]
 [8.68000000e+02 3.89000000e+02 3.43273696e-03 1.73000000e+02]
 [9.50000000e+02 4.10000000e+02 1.42066716e-03 1.74000000e+02]
 [9.51000000e+02 4.14000000e+02 1.42413087e-03 1.75000000e+02]
 [6.05000000e+02 4.54000000e+02 8.09621811e-01 1.76000000e+02]
 [7.02000000e+02 9.26000000e+02 2.75682262e-03 1.77000000e+02]
 [7.01000000e+02 9.27000000e+02 2.75673764e-03 1.78000000e+02]
 [5.69000000e+02 9.47000000e+02 1.39627419e-03 1.79000000e+02]
 [8.01000000e+02 1.10900000e+03 1.36355136e-03 1.80000000e+02]
 [9.45000000e+02 4.12000000e+02 1.03140855e-03 1.81000000e+02]
 [3.83000000e+02 4.46000000e+02 1.58450636e-03 1.82000000e+02]
 [6.32000000e+02 4.56000000e+02 7.83681124e-02 1.83000000e+02]
 [7.12000000e+02 8.98000000e+02 1.93625665e-03 1.84000000e+02]
 [7.59000000e+02 1.01300000e+03 1.05214852e-03 1.85000000e+02]
 [7.80000000e+02 1.03900000e+03 1.07155635e-03 1.86000000e+02]
 [7.81000000e+02 1.04000000e+03 1.07158383e-03 1.87000000e+02]]