[[4.25000000e+02 4.17000000e+02 9.65433359e-01 0.00000000e+00]
 [4.28000000e+02 4.69000000e+02 9.80888307e-01 1.00000000e+00]
 [3.60000000e+02 4.61000000e+02 9.63229060e-01 2.00000000e+00]
 [3.13000000e+02 5.78000000e+02 9.63713109e-01 3.00000000e+00]
 [3.68000000e+02 5.36000000e+02 9.22046661e-01 4.00000000e+00]
 [5.07000000e+02 4.74000000e+02 9.08123374e-01 5.00000000e+00]
 [5.44000000e+02 5.44000000e+02 8.52199972e-01 6.00000000e+00]
 [5.36000000e+02 6.28000000e+02 1.07108879e+00 7.00000000e+00]
 [3.49000000e+02 6.67000000e+02 8.85067344e-01 8.00000000e+00]
 [2.89000000e+02 7.97000000e+02 9.08603013e-01 9.00000000e+00]
 [2.50000000e+02 9.19000000e+02 8.99463236e-01 1.00000000e+01]
 [4.47000000e+02 6.71000000e+02 8.17322254e-01 1.10000000e+01]
 [4.84000000e+02 7.97000000e+02 9.34596539e-01 1.20000000e+01]
 [5.30000000e+02 9.34000000e+02 9.60698545e-01 1.30000000e+01]
 [4.14000000e+02 4.00000000e+02 9.53763545e-01 1.40000000e+01]
 [4.46000000e+02 4.03000000e+02 9.41369295e-01 1.50000000e+01]
 [3.93000000e+02 3.98000000e+02 5.07876217e-01 1.60000000e+01]
 [4.77000000e+02 3.95000000e+02 9.22231436e-01 1.70000000e+01]]