[[1.40000000e+01 2.52000000e+02 1.00149424e-03 0.00000000e+00]
 [3.74000000e+02 4.74000000e+02 1.67684711e-03 1.00000000e+00]
 [6.90000000e+02 5.12000000e+02 7.53433168e-01 2.00000000e+00]
 [4.78000000e+02 5.23000000e+02 1.27616515e-02 3.00000000e+00]
 [9.05000000e+02 7.21000000e+02 1.53515139e-03 4.00000000e+00]
 [5.17000000e+02 7.47000000e+02 3.71782272e-03 5.00000000e+00]
 [5.52000000e+02 1.04300000e+03 1.44602580e-03 6.00000000e+00]
 [8.62000000e+02 1.04300000e+03 5.76111255e-03 7.00000000e+00]
 [4.53000000e+02 1.21000000e+03 1.37011637e-03 8.00000000e+00]
 [4.28000000e+02 3.49000000e+02 1.06473605e-03 9.00000000e+00]
 [6.13000000e+02 5.98000000e+02 9.27468300e-01 1.00000000e+01]
 [3.88000000e+02 6.14000000e+02 7.11340131e-03 1.10000000e+01]
 [8.61000000e+02 6.56000000e+02 4.46309522e-03 1.20000000e+01]
 [6.13000000e+02 8.73000000e+02 3.87166790e-03 1.30000000e+01]
 [5.38000000e+02 9.54000000e+02 3.19406646e-03 1.40000000e+01]
 [7.39000000e+02 9.66000000e+02 1.55696715e-03 1.50000000e+01]
 [8.12000000e+02 1.40000000e+01 1.39572506e-03 1.60000000e+01]
 [3.09000000e+02 5.63000000e+02 8.54863506e-03 1.70000000e+01]
 [5.29000000e+02 5.95000000e+02 9.24654722e-01 1.80000000e+01]
 [7.78000000e+02 6.19000000e+02 1.58377420e-02 1.90000000e+01]
 [4.51000000e+02 8.69000000e+02 7.71002378e-03 2.00000000e+01]
 [6.23000000e+02 8.74000000e+02 1.28748990e-03 2.10000000e+01]
 [5.16000000e+02 9.58000000e+02 2.59900629e-03 2.20000000e+01]
 [7.36000000e+02 9.73000000e+02 4.16317536e-03 2.30000000e+01]
 [8.72000000e+02 1.12700000e+03 1.29041425e-03 2.40000000e+01]
 [4.45000000e+02 3.80000000e+02 1.39110873e-03 2.50000000e+01]
 [7.93000000e+02 4.75000000e+02 2.35939771e-03 2.60000000e+01]
 [7.92000000e+02 6.16000000e+02 4.36295662e-03 2.70000000e+01]
 [4.77000000e+02 7.02000000e+02 7.15997279e-01 2.80000000e+01]
 [2.27000000e+02 7.16000000e+02 3.93880066e-03 2.90000000e+01]
 [8.79000000e+02 7.82000000e+02 1.83791050e-03 3.00000000e+01]
 [7.89000000e+02 9.60000000e+02 1.72684167e-03 3.10000000e+01]
 [8.72000000e+02 1.13300000e+03 2.36425363e-03 3.20000000e+01]
 [4.62000000e+02 1.21000000e+03 1.40994193e-03 3.30000000e+01]
 [4.61000000e+02 3.79000000e+02 1.34785986e-03 3.40000000e+01]
 [6.23000000e+02 3.90000000e+02 4.82238317e-03 3.50000000e+01]
 [5.50000000e+02 4.69000000e+02 7.00228289e-03 3.60000000e+01]
 [7.86000000e+02 6.29000000e+02 4.52910690e-03 3.70000000e+01]
 [8.69000000e+02 7.08000000e+02 1.68246997e-03 3.80000000e+01]
 [8.70000000e+02 7.09000000e+02 1.68210431e-03 3.90000000e+01]
 [7.83000000e+02 7.80000000e+02 2.03596544e-03 4.00000000e+01]
 [5.29000000e+02 7.91000000e+02 5.65925539e-01 4.10000000e+01]
 [5.28000000e+02 1.03500000e+03 4.09229426e-03 4.20000000e+01]
 [6.21000000e+02 1.13800000e+03 2.78255367e-03 4.30000000e+01]
 [8.11000000e+02 1.15800000e+03 2.12805881e-03 4.40000000e+01]
 [8.10000000e+02 1.15900000e+03 2.12809443e-03 4.50000000e+01]
 [2.99000000e+02 1.22900000e+03 3.14654061e-03 4.60000000e+01]
 [6.00000000e+02 1.35900000e+03 1.22463342e-03 4.70000000e+01]
 [4.15000000e+02 1.38000000e+03 1.54273631e-03 4.80000000e+01]
 [8.10000000e+02 1.40000000e+01 1.45628361e-03 4.90000000e+01]
 [3.75000000e+02 4.54000000e+02 2.10853084e-03 5.00000000e+01]
 [2.89000000e+02 5.42000000e+02 1.21288747e-03 5.10000000e+01]
 [9.44000000e+02 5.73000000e+02 3.42393550e-03 5.20000000e+01]
 [6.95000000e+02 6.02000000e+02 9.34134305e-01 5.30000000e+01]
 [4.80000000e+02 6.14000000e+02 1.80613678e-02 5.40000000e+01]
 [3.77000000e+02 6.27000000e+02 1.24028767e-03 5.50000000e+01]
 [7.97000000e+02 8.57000000e+02 7.26811681e-03 5.60000000e+01]
 [7.64000000e+02 9.57000000e+02 3.46821710e-03 5.70000000e+01]
 [5.38000000e+02 1.01800000e+03 2.51133554e-03 5.80000000e+01]
 [6.25000000e+02 1.17300000e+03 1.22156355e-03 5.90000000e+01]
 [7.91000000e+02 3.84000000e+02 1.35388738e-03 6.00000000e+01]
 [6.22000000e+02 3.85000000e+02 2.60361913e-03 6.10000000e+01]
 [6.31000000e+02 4.65000000e+02 4.36598575e-03 6.20000000e+01]
 [5.28000000e+02 5.10000000e+02 3.01013677e-03 6.30000000e+01]
 [2.90000000e+02 5.41000000e+02 1.18564349e-03 6.40000000e+01]
 [7.26000000e+02 7.07000000e+02 8.53836894e-01 6.50000000e+01]
 [8.82000000e+02 1.13700000e+03 1.48924487e-03 6.60000000e+01]
 [6.18000000e+02 1.19900000e+03 1.57004327e-03 6.70000000e+01]
 [4.60000000e+02 1.21100000e+03 2.42316187e-03 6.80000000e+01]
 [1.40000000e+01 1.40000000e+01 1.22822064e-03 6.90000000e+01]
 [6.26000000e+02 3.87000000e+02 5.48599660e-03 7.00000000e+01]
 [8.57000000e+02 4.63000000e+02 1.11180986e-03 7.10000000e+01]
 [5.52000000e+02 4.75000000e+02 5.29314810e-03 7.20000000e+01]
 [7.04000000e+02 5.51000000e+02 2.14036051e-02 7.30000000e+01]
 [3.75000000e+02 6.33000000e+02 2.45548948e-03 7.40000000e+01]
 [3.72000000e+02 7.83000000e+02 3.47010628e-03 7.50000000e+01]
 [7.23000000e+02 7.93000000e+02 7.99868762e-01 7.60000000e+01]
 [8.75000000e+02 1.03200000e+03 9.21034068e-03 7.70000000e+01]
 [6.23000000e+02 1.13000000e+03 5.25444373e-03 7.80000000e+01]
 [6.84000000e+02 3.89000000e+02 1.29134057e-03 7.90000000e+01]
 [7.94000000e+02 6.09000000e+02 2.94804364e-03 8.00000000e+01]
 [3.01000000e+02 8.24000000e+02 2.86715175e-03 8.10000000e+01]
 [7.74000000e+02 8.27000000e+02 1.73876863e-02 8.20000000e+01]
 [5.46000000e+02 8.52000000e+02 9.59931910e-01 8.30000000e+01]
 [3.04000000e+02 9.37000000e+02 2.37837434e-03 8.40000000e+01]
 [3.05000000e+02 9.41000000e+02 2.36280472e-03 8.50000000e+01]
 [3.08000000e+02 9.52000000e+02 2.39822804e-03 8.60000000e+01]
 [6.26000000e+02 1.12700000e+03 1.17065839e-03 8.70000000e+01]
 [8.78000000e+02 1.12700000e+03 1.31954846e-03 8.80000000e+01]
 [4.59000000e+02 1.21000000e+03 1.31298066e-03 8.90000000e+01]
 [9.52000000e+02 1.40000000e+01 1.02224213e-03 9.00000000e+01]
 [7.18000000e+02 4.47000000e+02 1.27930590e-03 9.10000000e+01]
 [6.23000000e+02 5.42000000e+02 2.27682712e-03 9.20000000e+01]
 [3.73000000e+02 7.17000000e+02 3.97625705e-03 9.30000000e+01]
 [7.70000000e+02 9.39000000e+02 2.15825927e-03 9.40000000e+01]
 [5.19000000e+02 1.02200000e+03 8.78614902e-01 9.50000000e+01]
 [8.83000000e+02 1.03100000e+03 5.13019972e-03 9.60000000e+01]
 [6.23000000e+02 5.60000000e+02 1.90622616e-03 9.70000000e+01]
 [8.61000000e+02 6.32000000e+02 1.48839760e-03 9.80000000e+01]
 [6.22000000e+02 7.11000000e+02 2.76204967e-03 9.90000000e+01]
 [4.52000000e+02 7.28000000e+02 2.97168014e-03 1.00000000e+02]
 [4.10000000e+02 7.94000000e+02 2.21161102e-03 1.01000000e+02]
 [3.73000000e+02 8.80000000e+02 3.27021186e-03 1.02000000e+02]
 [6.97000000e+02 1.06300000e+03 3.29197347e-02 1.03000000e+02]
 [9.56000000e+02 1.13300000e+03 4.81270859e-03 1.04000000e+02]
 [6.84000000e+02 1.18700000e+03 3.18289325e-02 1.05000000e+02]
 [4.65000000e+02 1.20100000e+03 8.84073675e-01 1.06000000e+02]
 [2.17000000e+02 1.22800000e+03 2.24779546e-03 1.07000000e+02]
 [4.08000000e+02 1.44300000e+03 6.07729843e-03 1.08000000e+02]
 [4.13000000e+02 1.44400000e+03 6.07116800e-03 1.09000000e+02]
 [4.16000000e+02 1.44500000e+03 6.03572652e-03 1.10000000e+02]
 [4.83000000e+02 1.44600000e+03 5.92395430e-03 1.11000000e+02]
 [4.73000000e+02 1.44700000e+03 5.94840385e-03 1.12000000e+02]
 [1.06500000e+03 1.90500000e+03 1.01842231e-03 1.13000000e+02]
 [5.72000000e+02 4.57000000e+02 2.11495766e-03 1.14000000e+02]
 [7.80000000e+02 5.41000000e+02 1.14831852e-03 1.15000000e+02]
 [3.75000000e+02 7.89000000e+02 3.45087098e-03 1.16000000e+02]
 [6.71000000e+02 8.44000000e+02 9.09438729e-01 1.17000000e+02]
 [9.49000000e+02 8.55000000e+02 1.29888370e-03 1.18000000e+02]
 [5.99000000e+02 1.12300000e+03 3.70681286e-03 1.19000000e+02]
 [6.29000000e+02 1.19900000e+03 1.20505295e-03 1.20000000e+02]
 [8.28000000e+02 1.20400000e+03 1.61423977e-03 1.21000000e+02]
 [8.29000000e+02 1.20500000e+03 1.61440857e-03 1.22000000e+02]
 [1.40000000e+01 1.40000000e+01 1.10363017e-03 1.23000000e+02]
 [6.23000000e+02 4.58000000e+02 1.89853529e-03 1.24000000e+02]
 [5.39000000e+02 5.74000000e+02 2.65938463e-03 1.25000000e+02]
 [8.68000000e+02 7.11000000e+02 2.56641489e-03 1.26000000e+02]
 [7.53000000e+02 9.88000000e+02 9.30861413e-01 1.27000000e+02]
 [9.46000000e+02 1.34200000e+03 2.77984189e-03 1.28000000e+02]
 [8.17000000e+02 1.38300000e+03 1.44448353e-03 1.29000000e+02]
 [6.33000000e+02 4.65000000e+02 2.57000071e-03 1.30000000e+02]
 [3.71000000e+02 5.49000000e+02 1.21209165e-03 1.31000000e+02]
 [7.06000000e+02 8.16000000e+02 3.83832725e-03 1.32000000e+02]
 [7.15000000e+02 8.79000000e+02 5.46441786e-03 1.33000000e+02]
 [7.18000000e+02 8.80000000e+02 5.45825576e-03 1.34000000e+02]
 [7.92000000e+02 1.14800000e+03 8.42172980e-01 1.35000000e+02]
 [1.01900000e+03 1.17900000e+03 5.98331168e-03 1.36000000e+02]
 [5.51000000e+02 1.26100000e+03 1.33335032e-03 1.37000000e+02]
 [5.52000000e+02 1.26900000e+03 1.30291656e-03 1.38000000e+02]
 [5.53000000e+02 1.27400000e+03 1.28647545e-03 1.39000000e+02]
 [5.54000000e+02 1.27900000e+03 1.27326755e-03 1.40000000e+02]
 [8.20000000e+02 1.44900000e+03 1.71724474e-03 1.41000000e+02]
 [6.81000000e+02 4.92000000e+02 7.64398396e-01 1.42000000e+02]
 [8.94000000e+02 7.34000000e+02 1.46983238e-03 1.43000000e+02]
 [4.57000000e+02 8.67000000e+02 1.95960305e-03 1.44000000e+02]
 [6.46000000e+02 8.77000000e+02 1.01873640e-03 1.45000000e+02]
 [4.56000000e+02 1.21000000e+03 1.14283646e-02 1.46000000e+02]
 [7.99000000e+02 1.29400000e+03 1.23000576e-03 1.47000000e+02]
 [6.92000000e+02 4.94000000e+02 3.39154720e-01 1.48000000e+02]
 [4.33000000e+02 6.45000000e+02 1.81698787e-03 1.49000000e+02]
 [5.20000000e+02 7.38000000e+02 3.02594388e-03 1.50000000e+02]
 [7.02000000e+02 7.83000000e+02 1.18536362e-03 1.51000000e+02]
 [7.10000000e+02 8.76000000e+02 2.46277684e-03 1.52000000e+02]
 [4.46000000e+02 9.57000000e+02 1.69002358e-03 1.53000000e+02]
 [8.60000000e+02 4.73000000e+02 7.40138022e-03 1.54000000e+02]
 [6.22000000e+02 4.89000000e+02 8.36320162e-01 1.55000000e+02]
 [3.87000000e+02 5.19000000e+02 4.92854277e-03 1.56000000e+02]
 [3.88000000e+02 5.21000000e+02 4.91591869e-03 1.57000000e+02]
 [8.64000000e+02 7.00000000e+02 1.35358854e-03 1.58000000e+02]
 [7.07000000e+02 9.67000000e+02 3.19784298e-03 1.59000000e+02]
 [5.47000000e+02 1.21100000e+03 3.64304357e-03 1.60000000e+02]
 [6.66000000e+02 5.01000000e+02 2.53930930e-02 1.61000000e+02]
 [6.67000000e+02 5.02000000e+02 2.53876057e-02 1.62000000e+02]
 [7.41000000e+02 9.98000000e+02 1.58540008e-03 1.63000000e+02]
 [7.42000000e+02 9.99000000e+02 1.58560462e-03 1.64000000e+02]
 [7.43000000e+02 1.00000000e+03 1.58582884e-03 1.65000000e+02]]