[[7.47000000e+02 5.32000000e+02 5.81161737e-01 0.00000000e+00]
 [6.60000000e+02 5.82000000e+02 9.13893938e-01 1.00000000e+00]
 [5.83000000e+02 5.69000000e+02 8.80112767e-01 2.00000000e+00]
 [6.01000000e+02 6.60000000e+02 6.02390110e-01 3.00000000e+00]
 [7.36000000e+02 5.93000000e+02 8.90519083e-01 4.00000000e+00]
 [7.58000000e+02 7.04000000e+02 8.69009674e-01 5.00000000e+00]
 [7.67000000e+02 7.93000000e+02 8.61874700e-01 6.00000000e+00]
 [5.68000000e+02 8.35000000e+02 9.70109522e-01 7.00000000e+00]
 [5.29000000e+02 1.02800000e+03 9.37383115e-01 8.00000000e+00]
 [4.63000000e+02 1.19700000e+03 8.36880088e-01 9.00000000e+00]
 [6.88000000e+02 8.40000000e+02 9.37544823e-01 1.00000000e+01]
 [7.69000000e+02 9.93000000e+02 9.04260993e-01 1.10000000e+01]
 [8.04000000e+02 1.15600000e+03 8.15177798e-01 1.20000000e+01]
 [7.39000000e+02 5.18000000e+02 5.89253485e-01 1.30000000e+01]
 [6.89000000e+02 4.91000000e+02 7.03569055e-01 1.40000000e+01]]