[[7.16000000e+02 5.13000000e+02 8.84956479e-01 0.00000000e+00]
 [6.57000000e+02 5.83000000e+02 8.83502066e-01 1.00000000e+00]
 [5.93000000e+02 5.64000000e+02 9.39701200e-01 2.00000000e+00]
 [6.40000000e+02 6.97000000e+02 8.80856395e-01 3.00000000e+00]
 [7.19000000e+02 5.94000000e+02 8.28689814e-01 4.00000000e+00]
 [7.28000000e+02 5.95000000e+02 8.26360166e-01 5.00000000e+00]
 [7.17000000e+02 7.26000000e+02 5.88605344e-01 6.00000000e+00]
 [5.52000000e+02 8.52000000e+02 9.57955122e-01 7.00000000e+00]
 [5.20000000e+02 1.03900000e+03 8.48862886e-01 8.00000000e+00]
 [4.63000000e+02 1.20700000e+03 8.52406025e-01 9.00000000e+00]
 [6.68000000e+02 8.53000000e+02 9.30250704e-01 1.00000000e+01]
 [7.72000000e+02 1.01000000e+03 8.99080157e-01 1.10000000e+01]
 [7.92000000e+02 1.18400000e+03 7.40043223e-01 1.20000000e+01]
 [7.00000000e+02 4.84000000e+02 9.24826145e-01 1.30000000e+01]
 [7.32000000e+02 4.88000000e+02 8.80461335e-01 1.40000000e+01]
 [6.42000000e+02 4.78000000e+02 9.14816380e-01 1.50000000e+01]]