[[1.06000000e+02 5.27000000e+02 1.01221514e+00 0.00000000e+00]
 [0.00000000e+00 5.30000000e+02 2.04172492e-01 1.00000000e+00]
 [2.17000000e+02 5.35000000e+02 8.07362199e-01 2.00000000e+00]
 [2.01000000e+02 5.48000000e+02 7.08177328e-01 3.00000000e+00]
 [2.46000000e+02 6.55000000e+02 2.77592212e-01 4.00000000e+00]
 [2.10000000e+02 6.97000000e+02 3.46172452e-01 5.00000000e+00]
 [2.39000000e+02 5.37000000e+02 8.95695865e-01 6.00000000e+00]
 [2.91000000e+02 6.51000000e+02 9.70203757e-01 7.00000000e+00]
 [2.05000000e+02 7.00000000e+02 8.18737984e-01 8.00000000e+00]
 [3.13000000e+02 6.94000000e+02 7.72950113e-01 9.00000000e+00]
 [2.21000000e+02 7.92000000e+02 9.08372283e-01 1.00000000e+01]
 [2.38000000e+02 9.58000000e+02 9.11523581e-01 1.10000000e+01]
 [3.99000000e+02 6.87000000e+02 8.43523443e-01 1.20000000e+01]
 [4.35000000e+02 8.49000000e+02 9.15797830e-01 1.30000000e+01]
 [5.34000000e+02 9.53000000e+02 9.26292300e-01 1.40000000e+01]
 [8.80000000e+01 5.16000000e+02 6.28862143e-01 1.50000000e+01]
 [0.00000000e+00 5.18000000e+02 2.51462996e-01 1.60000000e+01]
 [1.13000000e+02 5.05000000e+02 9.43336904e-01 1.70000000e+01]
 [0.00000000e+00 5.09000000e+02 1.54773861e-01 1.80000000e+01]
 [1.63000000e+02 4.73000000e+02 9.55023408e-01 1.90000000e+01]]