[[7.06000000e+02 5.32000000e+02 8.34287822e-01 0.00000000e+00]
 [6.57000000e+02 5.93000000e+02 9.26737785e-01 1.00000000e+00]
 [5.75000000e+02 5.81000000e+02 9.24472332e-01 2.00000000e+00]
 [5.07000000e+02 6.93000000e+02 8.60143065e-01 3.00000000e+00]
 [5.72000000e+02 6.56000000e+02 6.37517512e-01 4.00000000e+00]
 [7.47000000e+02 6.12000000e+02 8.79969358e-01 5.00000000e+00]
 [7.68000000e+02 7.21000000e+02 8.49764168e-01 6.00000000e+00]
 [7.64000000e+02 8.11000000e+02 9.17398036e-01 7.00000000e+00]
 [5.52000000e+02 8.35000000e+02 9.48400140e-01 8.00000000e+00]
 [5.23000000e+02 1.03000000e+03 9.02686715e-01 9.00000000e+00]
 [4.65000000e+02 1.19800000e+03 8.42803538e-01 1.00000000e+01]
 [6.76000000e+02 8.41000000e+02 8.79471183e-01 1.10000000e+01]
 [7.59000000e+02 9.89000000e+02 8.99863005e-01 1.20000000e+01]
 [8.08000000e+02 1.14600000e+03 7.87986159e-01 1.30000000e+01]
 [6.96000000e+02 5.11000000e+02 8.45859885e-01 1.40000000e+01]
 [7.20000000e+02 5.11000000e+02 7.88373411e-01 1.50000000e+01]
 [6.48000000e+02 5.01000000e+02 7.56036162e-01 1.60000000e+01]]