[[3.75000000e+02 4.57000000e+02 9.42862511e-01 0.00000000e+00]
 [4.04000000e+02 5.04000000e+02 9.37495828e-01 1.00000000e+00]
 [3.24000000e+02 5.05000000e+02 9.34644639e-01 2.00000000e+00]
 [2.97000000e+02 6.19000000e+02 9.22259212e-01 3.00000000e+00]
 [3.47000000e+02 5.79000000e+02 8.35711718e-01 4.00000000e+00]
 [4.73000000e+02 4.99000000e+02 9.49718714e-01 5.00000000e+00]
 [5.36000000e+02 6.00000000e+02 9.69953179e-01 6.00000000e+00]
 [4.80000000e+02 6.71000000e+02 9.23571587e-01 7.00000000e+00]
 [3.45000000e+02 7.12000000e+02 8.99887621e-01 8.00000000e+00]
 [2.82000000e+02 8.39000000e+02 8.95907700e-01 9.00000000e+00]
 [2.48000000e+02 9.68000000e+02 9.01611686e-01 1.00000000e+01]
 [4.45000000e+02 7.09000000e+02 8.23207438e-01 1.10000000e+01]
 [4.99000000e+02 8.37000000e+02 9.29185808e-01 1.20000000e+01]
 [5.44000000e+02 9.72000000e+02 9.43660975e-01 1.30000000e+01]
 [3.61000000e+02 4.33000000e+02 9.60024953e-01 1.40000000e+01]
 [3.95000000e+02 4.32000000e+02 9.37627017e-01 1.50000000e+01]
 [3.50000000e+02 4.31000000e+02 3.67240310e-01 1.60000000e+01]
 [4.28000000e+02 4.25000000e+02 9.38858688e-01 1.70000000e+01]]