[[7.24000000e+02 5.30000000e+02 7.74288774e-01 0.00000000e+00]
 [6.66000000e+02 5.86000000e+02 9.10806119e-01 1.00000000e+00]
 [6.06000000e+02 5.74000000e+02 9.11391735e-01 2.00000000e+00]
 [6.93000000e+02 6.46000000e+02 6.47883475e-01 3.00000000e+00]
 [7.68000000e+02 5.26000000e+02 6.62016511e-01 4.00000000e+00]
 [7.36000000e+02 6.05000000e+02 8.16374660e-01 5.00000000e+00]
 [7.54000000e+02 7.29000000e+02 6.92103446e-01 6.00000000e+00]
 [7.69000000e+02 8.20000000e+02 7.40408540e-01 7.00000000e+00]
 [5.62000000e+02 8.53000000e+02 9.70267653e-01 8.00000000e+00]
 [5.25000000e+02 1.03300000e+03 8.65938187e-01 9.00000000e+00]
 [4.61000000e+02 1.20500000e+03 8.61163914e-01 1.00000000e+01]
 [6.85000000e+02 8.53000000e+02 9.12309706e-01 1.10000000e+01]
 [7.90000000e+02 9.98000000e+02 8.76044571e-01 1.20000000e+01]
 [8.09000000e+02 1.16600000e+03 7.28150606e-01 1.30000000e+01]
 [7.05000000e+02 5.00000000e+02 6.98459744e-01 1.40000000e+01]
 [7.36000000e+02 5.01000000e+02 6.50029421e-01 1.50000000e+01]
 [6.50000000e+02 4.94000000e+02 6.87349200e-01 1.60000000e+01]]