[[4.23000000e+02 3.94000000e+02 9.46323872e-01 0.00000000e+00]
 [4.26000000e+02 4.47000000e+02 9.72165763e-01 1.00000000e+00]
 [3.52000000e+02 4.44000000e+02 9.15065408e-01 2.00000000e+00]
 [3.01000000e+02 5.71000000e+02 9.67634439e-01 3.00000000e+00]
 [3.88000000e+02 5.50000000e+02 9.36511457e-01 4.00000000e+00]
 [5.15000000e+02 4.50000000e+02 9.20499802e-01 5.00000000e+00]
 [5.67000000e+02 5.52000000e+02 9.13118064e-01 6.00000000e+00]
 [5.27000000e+02 6.23000000e+02 9.73416924e-01 7.00000000e+00]
 [3.47000000e+02 6.62000000e+02 8.89492750e-01 8.00000000e+00]
 [2.92000000e+02 8.13000000e+02 9.74816799e-01 9.00000000e+00]
 [2.46000000e+02 9.69000000e+02 9.48263288e-01 1.00000000e+01]
 [4.53000000e+02 6.61000000e+02 8.40198338e-01 1.10000000e+01]
 [4.91000000e+02 8.15000000e+02 9.22917426e-01 1.20000000e+01]
 [5.32000000e+02 9.71000000e+02 9.75035846e-01 1.30000000e+01]
 [4.09000000e+02 3.70000000e+02 9.56052840e-01 1.40000000e+01]
 [4.42000000e+02 3.71000000e+02 9.22120214e-01 1.50000000e+01]
 [3.81000000e+02 3.73000000e+02 6.42783463e-01 1.60000000e+01]
 [4.76000000e+02 3.67000000e+02 9.46219504e-01 1.70000000e+01]]