[[3.75000000e+02 4.95000000e+02 1.93615572e-03 0.00000000e+00]
 [6.64000000e+02 5.09000000e+02 8.45321000e-01 1.00000000e+00]
 [1.06500000e+03 6.35000000e+02 3.23484326e-03 2.00000000e+00]
 [7.97000000e+02 7.93000000e+02 4.71504126e-03 3.00000000e+00]
 [5.31000000e+02 8.22000000e+02 1.24642346e-03 4.00000000e+00]
 [1.06500000e+03 8.56000000e+02 1.83417101e-03 5.00000000e+00]
 [7.24000000e+02 1.04100000e+03 1.03976356e-03 6.00000000e+00]
 [9.53000000e+02 1.04100000e+03 7.42018595e-03 7.00000000e+00]
 [7.90000000e+02 1.06000000e+03 1.04968855e-03 8.00000000e+00]
 [4.97000000e+02 1.21100000e+03 2.65002693e-03 9.00000000e+00]
 [6.41000000e+02 2.99000000e+02 1.21442857e-03 1.00000000e+01]
 [4.78000000e+02 5.53000000e+02 1.15009816e-02 1.10000000e+01]
 [6.88000000e+02 5.73000000e+02 9.03876722e-01 1.20000000e+01]
 [9.49000000e+02 6.24000000e+02 2.37338548e-03 1.30000000e+01]
 [7.06000000e+02 8.76000000e+02 2.33579427e-03 1.40000000e+01]
 [8.71000000e+02 9.57000000e+02 1.68187753e-03 1.50000000e+01]
 [6.23000000e+02 9.60000000e+02 2.59702839e-03 1.60000000e+01]
 [8.05000000e+02 1.40000000e+01 2.24375445e-03 1.70000000e+01]
 [8.73000000e+02 3.74000000e+02 2.16258923e-03 1.80000000e+01]
 [9.55000000e+02 5.39000000e+02 4.45470493e-03 1.90000000e+01]
 [5.91000000e+02 5.83000000e+02 8.74587178e-01 2.00000000e+01]
 [8.66000000e+02 6.22000000e+02 5.94574958e-03 2.10000000e+01]
 [9.76000000e+02 7.70000000e+02 1.10069395e-03 2.20000000e+01]
 [4.75000000e+02 8.69000000e+02 1.97202433e-03 2.30000000e+01]
 [5.69000000e+02 9.62000000e+02 2.01619067e-03 2.40000000e+01]
 [8.52000000e+02 9.70000000e+02 2.99071474e-03 2.50000000e+01]
 [5.99000000e+02 4.66000000e+02 1.27773853e-02 2.60000000e+01]
 [8.70000000e+02 6.25000000e+02 4.57190722e-03 2.70000000e+01]
 [1.06500000e+03 6.36000000e+02 5.59648126e-03 2.80000000e+01]
 [7.72000000e+02 6.40000000e+02 1.03538604e-02 2.90000000e+01]
 [5.57000000e+02 7.17000000e+02 8.31285715e-01 3.00000000e+01]
 [3.02000000e+02 7.50000000e+02 3.54058552e-03 3.10000000e+01]
 [7.72000000e+02 7.81000000e+02 9.31683648e-03 3.20000000e+01]
 [9.76000000e+02 7.83000000e+02 3.20343487e-03 3.30000000e+01]
 [4.35000000e+02 3.57000000e+02 1.06444047e-03 3.40000000e+01]
 [8.70000000e+02 5.42000000e+02 1.55285920e-03 3.50000000e+01]
 [6.05000000e+02 6.28000000e+02 6.76504314e-01 3.60000000e+01]
 [1.06500000e+03 6.43000000e+02 3.03661544e-03 3.70000000e+01]
 [1.06500000e+03 8.25000000e+02 4.77633392e-03 3.80000000e+01]
 [6.11000000e+02 1.03700000e+03 3.81686189e-03 3.90000000e+01]
 [8.71000000e+02 1.17500000e+03 2.07160017e-03 4.00000000e+01]
 [3.74000000e+02 1.22200000e+03 4.57626861e-03 4.10000000e+01]
 [4.58000000e+02 1.37800000e+03 4.66971891e-03 4.20000000e+01]
 [6.15000000e+02 1.37900000e+03 1.23884226e-03 4.30000000e+01]
 [8.03000000e+02 1.40000000e+01 2.28160783e-03 4.40000000e+01]
 [7.80000000e+02 3.00000000e+02 2.13501649e-03 4.50000000e+01]
 [4.47000000e+02 3.66000000e+02 1.15219492e-03 4.60000000e+01]
 [7.85000000e+02 5.62000000e+02 9.46583152e-01 4.70000000e+01]
 [5.52000000e+02 5.74000000e+02 1.70329791e-02 4.80000000e+01]
 [1.02300000e+03 6.09000000e+02 4.35656263e-03 4.90000000e+01]
 [1.06500000e+03 7.41000000e+02 1.86248671e-03 5.00000000e+01]
 [7.89000000e+02 7.75000000e+02 2.83053573e-02 5.10000000e+01]
 [1.07900000e+03 8.26000000e+02 1.43481896e-03 5.20000000e+01]
 [8.83000000e+02 8.76000000e+02 4.21548635e-03 5.30000000e+01]
 [5.72000000e+02 1.04100000e+03 1.94981473e-03 5.40000000e+01]
 [5.51000000e+02 1.22200000e+03 1.24492415e-03 5.50000000e+01]
 [4.63000000e+02 1.38100000e+03 1.19487871e-03 5.60000000e+01]
 [6.24000000e+02 3.75000000e+02 1.51938736e-03 5.70000000e+01]
 [8.24000000e+02 4.71000000e+02 5.05713327e-03 5.80000000e+01]
 [3.73000000e+02 5.53000000e+02 2.70336680e-03 5.90000000e+01]
 [8.34000000e+02 7.09000000e+02 8.71468008e-01 6.00000000e+01]
 [4.57000000e+02 7.76000000e+02 5.45214955e-03 6.10000000e+01]
 [8.50000000e+02 9.47000000e+02 6.58089435e-03 6.20000000e+01]
 [6.86000000e+02 1.00900000e+03 1.60544144e-03 6.30000000e+01]
 [1.06500000e+03 1.02300000e+03 1.18175056e-03 6.40000000e+01]
 [5.41000000e+02 1.21800000e+03 1.17089157e-03 6.50000000e+01]
 [1.40000000e+01 1.40000000e+01 1.23954553e-03 6.60000000e+01]
 [4.50000000e+02 3.68000000e+02 1.04533450e-03 6.70000000e+01]
 [6.27000000e+02 3.92000000e+02 4.95129824e-03 6.80000000e+01]
 [7.45000000e+02 4.68000000e+02 5.06816665e-03 6.90000000e+01]
 [7.77000000e+02 5.52000000e+02 1.03921909e-02 7.00000000e+01]
 [4.59000000e+02 7.75000000e+02 5.91841340e-03 7.10000000e+01]
 [8.30000000e+02 8.12000000e+02 8.68168473e-01 7.20000000e+01]
 [5.40000000e+02 8.57000000e+02 3.84443509e-03 7.30000000e+01]
 [1.06500000e+03 1.05400000e+03 6.62791822e-03 7.40000000e+01]
 [7.65000000e+02 1.12600000e+03 2.14734185e-03 7.50000000e+01]
 [1.06500000e+03 1.27800000e+03 3.36664962e-03 7.60000000e+01]
 [1.06500000e+03 1.40000000e+01 3.12625663e-03 7.70000000e+01]
 [8.66000000e+02 6.32000000e+02 1.91611110e-03 7.80000000e+01]
 [3.85000000e+02 7.90000000e+02 3.52471741e-03 7.90000000e+01]
 [6.24000000e+02 8.44000000e+02 9.53418136e-01 8.00000000e+01]
 [8.65000000e+02 9.00000000e+02 1.05499448e-02 8.10000000e+01]
 [3.82000000e+02 9.30000000e+02 2.03177170e-03 8.20000000e+01]
 [3.83000000e+02 9.37000000e+02 2.00744253e-03 8.30000000e+01]
 [9.60000000e+02 1.40000000e+01 1.46081182e-03 8.40000000e+01]
 [1.07900000e+03 1.40000000e+01 1.27908704e-03 8.50000000e+01]
 [7.09000000e+02 5.49000000e+02 4.18294407e-03 8.60000000e+01]
 [7.07000000e+02 7.12000000e+02 2.74845026e-03 8.70000000e+01]
 [4.55000000e+02 7.15000000e+02 5.49084041e-03 8.80000000e+01]
 [7.72000000e+02 8.07000000e+02 5.96207753e-03 8.90000000e+01]
 [7.73000000e+02 8.08000000e+02 5.95959229e-03 9.00000000e+01]
 [1.06500000e+03 9.64000000e+02 1.20320069e-02 9.10000000e+01]
 [5.83000000e+02 1.02300000e+03 8.72474909e-01 9.20000000e+01]
 [3.44000000e+02 1.23900000e+03 1.22319965e-03 9.30000000e+01]
 [6.35000000e+02 1.28100000e+03 1.98706682e-03 9.40000000e+01]
 [1.06500000e+03 1.90500000e+03 1.04177115e-03 9.50000000e+01]
 [1.15000000e+02 1.40000000e+01 1.34667731e-03 9.60000000e+01]
 [8.58000000e+02 5.50000000e+02 1.11545098e-03 9.70000000e+01]
 [7.12000000e+02 6.33000000e+02 3.77187598e-03 9.80000000e+01]
 [3.73000000e+02 6.48000000e+02 1.11894833e-03 9.90000000e+01]
 [5.34000000e+02 7.31000000e+02 3.45750200e-03 1.00000000e+02]
 [5.33000000e+02 7.32000000e+02 3.45714809e-03 1.01000000e+02]
 [1.06500000e+03 8.83000000e+02 1.89301919e-03 1.02000000e+02]
 [4.86000000e+02 8.87000000e+02 9.69667919e-03 1.03000000e+02]
 [5.40000000e+02 9.76000000e+02 2.72002928e-02 1.04000000e+02]
 [7.67000000e+02 1.06000000e+03 1.74514335e-02 1.05000000e+02]
 [9.17000000e+02 1.12000000e+03 2.20206250e-02 1.06000000e+02]
 [1.07900000e+03 1.14400000e+03 1.44916838e-02 1.07000000e+02]
 [7.82000000e+02 1.20100000e+03 2.10429523e-02 1.08000000e+02]
 [5.27000000e+02 1.21700000e+03 9.06409681e-01 1.09000000e+02]
 [9.64000000e+02 1.28500000e+03 8.11766181e-03 1.10000000e+02]
 [1.06500000e+03 1.90500000e+03 1.18597527e-03 1.11000000e+02]
 [1.06500000e+03 1.40000000e+01 1.82371621e-03 1.12000000e+02]
 [4.59000000e+02 7.61000000e+02 5.18318405e-03 1.13000000e+02]
 [1.03000000e+03 8.01000000e+02 2.06263294e-03 1.14000000e+02]
 [7.60000000e+02 8.35000000e+02 8.70508432e-01 1.15000000e+02]
 [4.66000000e+02 9.59000000e+02 1.14010798e-03 1.16000000e+02]
 [1.06500000e+03 9.92000000e+02 1.06580043e-03 1.17000000e+02]
 [9.86000000e+02 1.07500000e+03 1.12841104e-03 1.18000000e+02]
 [5.86000000e+02 1.11000000e+03 3.39854741e-03 1.19000000e+02]
 [8.95000000e+02 1.15300000e+03 1.38059817e-03 1.20000000e+02]
 [9.34000000e+02 1.27900000e+03 1.01891917e-03 1.21000000e+02]
 [9.35000000e+02 1.28000000e+03 1.01921055e-03 1.22000000e+02]
 [5.11000000e+02 1.31200000e+03 1.02981809e-03 1.23000000e+02]
 [1.40000000e+01 1.40000000e+01 1.50946295e-03 1.24000000e+02]
 [6.10000000e+02 5.60000000e+02 1.01260992e-03 1.25000000e+02]
 [5.38000000e+02 8.76000000e+02 7.48464605e-03 1.26000000e+02]
 [1.07900000e+03 9.50000000e+02 1.13734056e-03 1.27000000e+02]
 [8.49000000e+02 1.00000000e+03 7.44178295e-01 1.28000000e+02]
 [3.74000000e+02 1.13800000e+03 1.44543708e-03 1.29000000e+02]
 [5.40000000e+02 1.21000000e+03 5.44386823e-03 1.30000000e+02]
 [7.87000000e+02 1.28600000e+03 1.22172851e-03 1.31000000e+02]
 [1.06500000e+03 1.33600000e+03 1.15077046e-03 1.32000000e+02]
 [9.80000000e+02 1.38400000e+03 1.07503333e-03 1.33000000e+02]
 [9.79000000e+02 1.38500000e+03 1.07567641e-03 1.34000000e+02]
 [1.06500000e+03 1.90500000e+03 1.15260563e-03 1.35000000e+02]
 [0.00000000e+00 1.40000000e+01 1.10329455e-03 1.36000000e+02]
 [1.05000000e+02 1.40000000e+01 1.44542335e-03 1.37000000e+02]
 [6.24000000e+02 5.54000000e+02 2.96824612e-03 1.38000000e+02]
 [5.89000000e+02 6.09000000e+02 2.76297913e-03 1.39000000e+02]
 [5.62000000e+02 6.26000000e+02 2.80868844e-03 1.40000000e+02]
 [9.56000000e+02 7.11000000e+02 1.11427903e-03 1.41000000e+02]
 [7.88000000e+02 7.92000000e+02 1.15678692e-03 1.42000000e+02]
 [1.06500000e+03 8.51000000e+02 1.53084099e-03 1.43000000e+02]
 [4.57000000e+02 8.73000000e+02 3.15870508e-03 1.44000000e+02]
 [5.39000000e+02 9.58000000e+02 2.96940864e-03 1.45000000e+02]
 [6.33000000e+02 1.12600000e+03 4.88251494e-03 1.46000000e+02]
 [9.01000000e+02 1.14000000e+03 7.37662971e-01 1.47000000e+02]
 [1.07900000e+03 1.15800000e+03 1.10690743e-01 1.48000000e+02]
 [6.22000000e+02 1.36600000e+03 6.48966338e-03 1.49000000e+02]
 [3.77000000e+02 4.70000000e+02 1.28334947e-03 1.50000000e+02]
 [6.41000000e+02 4.82000000e+02 8.42890978e-01 1.51000000e+02]
 [1.06500000e+03 6.34000000e+02 2.31141644e-03 1.52000000e+02]
 [6.22000000e+02 8.76000000e+02 2.55752495e-03 1.53000000e+02]
 [7.17000000e+02 9.79000000e+02 1.03384152e-03 1.54000000e+02]
 [9.56000000e+02 1.12600000e+03 3.03819706e-03 1.55000000e+02]
 [5.32000000e+02 1.21000000e+03 8.03467538e-03 1.56000000e+02]
 [6.89000000e+02 2.19000000e+02 2.53509660e-03 1.57000000e+02]
 [9.46000000e+02 4.55000000e+02 1.69329345e-03 1.58000000e+02]
 [6.81000000e+02 4.80000000e+02 8.55419934e-01 1.59000000e+02]
 [1.06500000e+03 6.29000000e+02 2.84178858e-03 1.60000000e+02]
 [4.36000000e+02 6.59000000e+02 1.21060607e-03 1.61000000e+02]
 [7.91000000e+02 8.02000000e+02 4.52648662e-03 1.62000000e+02]
 [5.27000000e+02 9.33000000e+02 1.28859351e-03 1.63000000e+02]
 [4.57000000e+02 1.22200000e+03 1.12140505e-03 1.64000000e+02]
 [3.84000000e+02 4.67000000e+02 3.22983088e-03 1.65000000e+02]
 [6.21000000e+02 4.78000000e+02 4.98873085e-01 1.66000000e+02]
 [8.62000000e+02 6.34000000e+02 2.11422401e-03 1.67000000e+02]
 [3.67000000e+02 6.37000000e+02 1.23194163e-03 1.68000000e+02]
 [3.63000000e+02 6.45000000e+02 1.24126242e-03 1.69000000e+02]
 [1.06500000e+03 6.46000000e+02 1.62540574e-03 1.70000000e+02]
 [8.43000000e+02 6.53000000e+02 2.02700961e-03 1.71000000e+02]
 [8.74000000e+02 7.97000000e+02 1.14224979e-03 1.72000000e+02]
 [1.06500000e+03 8.53000000e+02 1.70042412e-03 1.73000000e+02]
 [8.00000000e+02 9.62000000e+02 2.79633445e-03 1.74000000e+02]
 [6.23000000e+02 1.21300000e+03 1.64384278e-03 1.75000000e+02]
 [6.99000000e+02 2.17000000e+02 2.17155274e-03 1.76000000e+02]
 [4.67000000e+02 4.60000000e+02 5.25487401e-03 1.77000000e+02]
 [7.07000000e+02 4.60000000e+02 8.10288846e-01 1.78000000e+02]
 [9.37000000e+02 4.65000000e+02 5.58872195e-03 1.79000000e+02]
 [3.75000000e+02 4.90000000e+02 1.07717561e-03 1.80000000e+02]
 [4.80000000e+02 6.30000000e+02 2.24055164e-03 1.81000000e+02]
 [1.06500000e+03 6.44000000e+02 1.09415373e-03 1.82000000e+02]
 [7.06000000e+02 7.91000000e+02 7.05762394e-03 1.83000000e+02]
 [1.06500000e+03 8.55000000e+02 1.30489713e-03 1.84000000e+02]
 [8.08000000e+02 9.75000000e+02 1.51651248e-03 1.85000000e+02]]