[[7.52000000e+02 5.22000000e+02 7.81443715e-01 0.00000000e+00]
 [6.71000000e+02 5.74000000e+02 9.11332726e-01 1.00000000e+00]
 [6.02000000e+02 5.61000000e+02 9.01527286e-01 2.00000000e+00]
 [6.35000000e+02 6.62000000e+02 7.67711997e-01 3.00000000e+00]
 [7.21000000e+02 5.61000000e+02 5.66408098e-01 4.00000000e+00]
 [7.46000000e+02 5.85000000e+02 8.92007351e-01 5.00000000e+00]
 [7.65000000e+02 7.10000000e+02 8.64363611e-01 6.00000000e+00]
 [7.78000000e+02 7.90000000e+02 8.08050811e-01 7.00000000e+00]
 [5.70000000e+02 8.42000000e+02 9.29082930e-01 8.00000000e+00]
 [5.30000000e+02 1.02200000e+03 8.94153595e-01 9.00000000e+00]
 [4.64000000e+02 1.20400000e+03 8.53459835e-01 1.00000000e+01]
 [6.94000000e+02 8.44000000e+02 8.94390702e-01 1.10000000e+01]
 [7.77000000e+02 1.00000000e+03 9.13326621e-01 1.20000000e+01]
 [8.08000000e+02 1.17300000e+03 7.85146654e-01 1.30000000e+01]
 [7.37000000e+02 5.00000000e+02 7.68555284e-01 1.40000000e+01]
 [7.54000000e+02 4.99000000e+02 5.04592478e-01 1.50000000e+01]
 [6.76000000e+02 4.83000000e+02 7.54407763e-01 1.60000000e+01]]