[[6.89000000e+02 5.31000000e+02 7.68000960e-01 0.00000000e+00]
 [7.16000000e+02 5.83000000e+02 9.15728748e-01 1.00000000e+00]
 [6.29000000e+02 5.95000000e+02 9.01315987e-01 2.00000000e+00]
 [5.70000000e+02 7.30000000e+02 8.97293448e-01 3.00000000e+00]
 [6.43000000e+02 6.29000000e+02 8.19709361e-01 4.00000000e+00]
 [8.03000000e+02 5.65000000e+02 9.01512563e-01 5.00000000e+00]
 [8.63000000e+02 6.90000000e+02 8.73393834e-01 6.00000000e+00]
 [8.18000000e+02 7.68000000e+02 7.75993764e-01 7.00000000e+00]
 [6.45000000e+02 8.46000000e+02 9.18487251e-01 8.00000000e+00]
 [5.91000000e+02 1.02200000e+03 8.91434491e-01 9.00000000e+00]
 [5.26000000e+02 1.21800000e+03 9.07355964e-01 1.00000000e+01]
 [7.87000000e+02 8.41000000e+02 9.16437745e-01 1.10000000e+01]
 [8.70000000e+02 1.04100000e+03 8.56632531e-01 1.20000000e+01]
 [9.14000000e+02 1.23300000e+03 6.16407752e-01 1.30000000e+01]
 [6.72000000e+02 5.10000000e+02 6.84138596e-01 1.40000000e+01]
 [7.04000000e+02 5.10000000e+02 7.74156511e-01 1.50000000e+01]
 [7.38000000e+02 4.81000000e+02 7.32654750e-01 1.60000000e+01]]