[[3.29000000e+02 4.61000000e+02 9.36084867e-01 0.00000000e+00]
 [3.70000000e+02 5.16000000e+02 9.67049658e-01 1.00000000e+00]
 [3.00000000e+02 5.16000000e+02 9.57670927e-01 2.00000000e+00]
 [2.62000000e+02 6.05000000e+02 8.90428185e-01 3.00000000e+00]
 [2.16000000e+02 6.29000000e+02 9.36114311e-01 4.00000000e+00]
 [4.44000000e+02 5.15000000e+02 9.13562179e-01 5.00000000e+00]
 [5.16000000e+02 6.20000000e+02 9.26494241e-01 6.00000000e+00]
 [4.45000000e+02 6.66000000e+02 9.11338687e-01 7.00000000e+00]
 [3.38000000e+02 7.05000000e+02 8.37050676e-01 8.00000000e+00]
 [2.76000000e+02 8.07000000e+02 8.94866943e-01 9.00000000e+00]
 [2.53000000e+02 9.61000000e+02 9.33505177e-01 1.00000000e+01]
 [4.33000000e+02 7.06000000e+02 8.47284257e-01 1.10000000e+01]
 [4.81000000e+02 8.28000000e+02 9.61495399e-01 1.20000000e+01]
 [5.43000000e+02 9.67000000e+02 9.56974089e-01 1.30000000e+01]
 [3.13000000e+02 4.39000000e+02 9.30876017e-01 1.40000000e+01]
 [3.50000000e+02 4.36000000e+02 9.26367640e-01 1.50000000e+01]
 [3.91000000e+02 4.29000000e+02 8.63616228e-01 1.60000000e+01]]