[[5.44000000e+02 4.52000000e+02 1.13213353e-03 0.00000000e+00]
 [1.07900000e+03 4.98000000e+02 1.09213786e-02 1.00000000e+00]
 [8.44000000e+02 5.17000000e+02 6.37297392e-01 2.00000000e+00]
 [4.56000000e+02 5.36000000e+02 1.66839641e-03 3.00000000e+00]
 [1.06500000e+03 7.29000000e+02 1.80504727e-03 4.00000000e+00]
 [6.75000000e+02 7.30000000e+02 1.62843685e-03 5.00000000e+00]
 [7.89000000e+02 8.78000000e+02 1.09409611e-03 6.00000000e+00]
 [6.35000000e+02 1.05300000e+03 1.40279217e-03 7.00000000e+00]
 [8.61000000e+02 1.11500000e+03 1.56855758e-03 8.00000000e+00]
 [5.06000000e+02 1.21000000e+03 1.77769549e-03 9.00000000e+00]
 [7.65000000e+02 3.00000000e+02 2.49862461e-03 1.00000000e+01]
 [9.80000000e+02 3.53000000e+02 1.37745938e-03 1.10000000e+01]
 [1.03500000e+03 5.55000000e+02 2.68939976e-03 1.20000000e+01]
 [7.63000000e+02 5.64000000e+02 8.91854227e-01 1.30000000e+01]
 [7.07000000e+02 8.75000000e+02 3.54397646e-03 1.40000000e+01]
 [6.22000000e+02 9.63000000e+02 2.62812269e-03 1.50000000e+01]
 [9.45000000e+02 1.40000000e+01 1.80064247e-03 1.60000000e+01]
 [7.52000000e+02 3.00000000e+02 3.36917932e-03 1.70000000e+01]
 [8.35000000e+02 3.04000000e+02 2.96180416e-03 1.80000000e+01]
 [1.02600000e+03 3.84000000e+02 1.45350001e-03 1.90000000e+01]
 [1.07900000e+03 3.84000000e+02 1.11645786e-03 2.00000000e+01]
 [1.02700000e+03 3.85000000e+02 1.45491119e-03 2.10000000e+01]
 [4.74000000e+02 5.36000000e+02 7.32089020e-03 2.20000000e+01]
 [7.00000000e+02 5.54000000e+02 8.94000351e-01 2.30000000e+01]
 [9.40000000e+02 6.00000000e+02 1.66556705e-02 2.40000000e+01]
 [1.03600000e+03 6.08000000e+02 8.75750557e-03 2.50000000e+01]
 [1.07900000e+03 6.10000000e+02 8.29893257e-03 2.60000000e+01]
 [6.96000000e+02 7.76000000e+02 9.48571321e-03 2.70000000e+01]
 [1.06500000e+03 7.82000000e+02 1.11782725e-03 2.80000000e+01]
 [7.06000000e+02 8.76000000e+02 1.16861635e-03 2.90000000e+01]
 [8.64000000e+02 9.61000000e+02 2.25438131e-03 3.00000000e+01]
 [6.17000000e+02 1.00400000e+03 1.96499308e-03 3.10000000e+01]
 [4.63000000e+02 1.37700000e+03 1.30419806e-03 3.20000000e+01]
 [8.81000000e+02 1.40000000e+01 1.36008661e-03 3.30000000e+01]
 [1.07900000e+03 4.07000000e+02 8.16273876e-03 3.40000000e+01]
 [7.94000000e+02 6.23000000e+02 7.49383092e-01 3.50000000e+01]
 [4.61000000e+02 7.15000000e+02 3.69130308e-03 3.60000000e+01]
 [1.07900000e+03 7.95000000e+02 1.51595613e-03 3.70000000e+01]
 [8.51000000e+02 8.69000000e+02 1.27782952e-03 3.80000000e+01]
 [8.86000000e+02 9.60000000e+02 1.13223656e-03 3.90000000e+01]
 [3.73000000e+02 1.01100000e+03 1.16019615e-03 4.00000000e+01]
 [9.21000000e+02 1.21600000e+03 1.29620510e-03 4.10000000e+01]
 [1.06500000e+03 2.08000000e+02 2.16749753e-03 4.20000000e+01]
 [6.81000000e+02 2.67000000e+02 1.62441470e-03 4.30000000e+01]
 [5.95000000e+02 3.52000000e+02 1.08074222e-03 4.40000000e+01]
 [1.07900000e+03 4.67000000e+02 1.64978758e-01 4.50000000e+01]
 [8.85000000e+02 5.01000000e+02 9.02141273e-01 4.60000000e+01]
 [6.42000000e+02 5.16000000e+02 1.01280594e-02 4.70000000e+01]
 [4.75000000e+02 5.74000000e+02 1.36574195e-03 4.80000000e+01]
 [9.37000000e+02 6.89000000e+02 2.58947350e-02 4.90000000e+01]
 [1.07900000e+03 7.07000000e+02 7.18739675e-03 5.00000000e+01]
 [1.06500000e+03 7.69000000e+02 6.55782549e-03 5.10000000e+01]
 [4.65000000e+02 7.93000000e+02 8.47233273e-03 5.20000000e+01]
 [1.06500000e+03 8.30000000e+02 6.27324218e-03 5.30000000e+01]
 [7.11000000e+02 8.64000000e+02 5.19842096e-02 5.40000000e+01]
 [4.07000000e+02 1.05200000e+03 1.60893518e-03 5.50000000e+01]
 [4.06000000e+02 1.05300000e+03 1.60929689e-03 5.60000000e+01]
 [6.73000000e+02 1.19300000e+03 2.25020712e-03 5.70000000e+01]
 [3.82000000e+02 1.20400000e+03 2.40599620e-03 5.80000000e+01]
 [8.72000000e+02 1.21800000e+03 2.03827955e-03 5.90000000e+01]
 [6.19000000e+02 1.37200000e+03 1.35628891e-03 6.00000000e+01]
 [6.18000000e+02 1.37300000e+03 1.35628588e-03 6.10000000e+01]
 [4.58000000e+02 1.37800000e+03 4.34408151e-03 6.20000000e+01]
 [9.45000000e+02 1.40000000e+01 1.82423298e-03 6.30000000e+01]
 [1.06500000e+03 3.62000000e+02 1.53935980e-03 6.40000000e+01]
 [1.02600000e+03 3.94000000e+02 1.92491338e-03 6.50000000e+01]
 [5.48000000e+02 4.61000000e+02 2.55630072e-03 6.60000000e+01]
 [4.56000000e+02 5.36000000e+02 1.36321702e-03 6.70000000e+01]
 [8.31000000e+02 5.74000000e+02 7.88653731e-01 6.80000000e+01]
 [5.44000000e+02 6.98000000e+02 4.87686554e-03 6.90000000e+01]
 [1.06500000e+03 8.24000000e+02 1.79409981e-03 7.00000000e+01]
 [8.20000000e+02 9.69000000e+02 1.32417108e-03 7.10000000e+01]
 [6.23000000e+02 1.03700000e+03 2.30290135e-03 7.20000000e+01]
 [4.59000000e+02 1.37900000e+03 1.66322559e-03 7.30000000e+01]
 [8.74000000e+02 1.40000000e+01 1.22972764e-03 7.40000000e+01]
 [8.29000000e+02 3.80000000e+02 1.09865656e-02 7.50000000e+01]
 [8.30000000e+02 3.81000000e+02 1.09865917e-02 7.60000000e+01]
 [7.06000000e+02 4.64000000e+02 4.98792809e-03 7.70000000e+01]
 [8.83000000e+02 4.68000000e+02 1.97818838e-02 7.80000000e+01]
 [1.07900000e+03 6.04000000e+02 2.17594318e-02 7.90000000e+01]
 [8.61000000e+02 7.07000000e+02 7.07876742e-01 8.00000000e+01]
 [6.38000000e+02 7.18000000e+02 5.57914516e-03 8.10000000e+01]
 [1.07900000e+03 7.60000000e+02 1.02571351e-02 8.20000000e+01]
 [7.27000000e+02 1.04200000e+03 2.27556843e-03 8.30000000e+01]
 [7.81000000e+02 1.11000000e+03 1.57965801e-03 8.40000000e+01]
 [7.82000000e+02 1.11100000e+03 1.57858932e-03 8.50000000e+01]
 [1.07900000e+03 2.87000000e+02 2.56137503e-03 8.60000000e+01]
 [8.74000000e+02 3.83000000e+02 2.40477603e-02 8.70000000e+01]
 [7.99000000e+02 4.68000000e+02 2.11859848e-02 8.80000000e+01]
 [1.07900000e+03 6.30000000e+02 1.67266130e-02 8.90000000e+01]
 [6.31000000e+02 7.43000000e+02 3.48358345e-03 9.00000000e+01]
 [8.63000000e+02 8.14000000e+02 8.24422538e-01 9.10000000e+01]
 [5.38000000e+02 8.53000000e+02 1.73846027e-03 9.20000000e+01]
 [1.06500000e+03 1.09500000e+03 5.26180677e-03 9.30000000e+01]
 [7.74000000e+02 1.12300000e+03 2.37070816e-03 9.40000000e+01]
 [8.55000000e+02 3.99000000e+02 3.07755964e-03 9.50000000e+01]
 [4.57000000e+02 4.60000000e+02 1.19499804e-03 9.60000000e+01]
 [8.74000000e+02 5.20000000e+02 3.33245005e-03 9.70000000e+01]
 [1.06500000e+03 5.37000000e+02 1.32805365e-03 9.80000000e+01]
 [9.44000000e+02 7.19000000e+02 2.81791040e-03 9.90000000e+01]
 [9.45000000e+02 7.21000000e+02 2.82102777e-03 1.00000000e+02]
 [6.38000000e+02 8.41000000e+02 9.42597628e-01 1.01000000e+02]
 [1.06500000e+03 8.54000000e+02 1.17861037e-03 1.02000000e+02]
 [7.96000000e+02 1.13700000e+03 1.14648580e-03 1.03000000e+02]
 [8.28000000e+02 5.41000000e+02 7.56523618e-03 1.04000000e+02]
 [5.75000000e+02 7.10000000e+02 3.09369271e-03 1.05000000e+02]
 [1.07900000e+03 7.12000000e+02 1.40400988e-03 1.06000000e+02]
 [8.96000000e+02 7.91000000e+02 1.69119518e-02 1.07000000e+02]
 [1.06500000e+03 9.61000000e+02 9.49803367e-03 1.08000000e+02]
 [5.81000000e+02 1.03200000e+03 9.01874065e-01 1.09000000e+02]
 [1.06500000e+03 1.21400000e+03 1.37926778e-03 1.10000000e+02]
 [3.44000000e+02 1.24000000e+03 1.25924661e-03 1.11000000e+02]
 [6.22000000e+02 1.27800000e+03 5.00978250e-03 1.12000000e+02]
 [5.50000000e+02 1.38000000e+03 1.43340032e-03 1.13000000e+02]
 [8.63000000e+02 5.43000000e+02 1.29026372e-03 1.14000000e+02]
 [1.06500000e+03 7.52000000e+02 1.31731282e-03 1.15000000e+02]
 [7.99000000e+02 7.92000000e+02 3.71197634e-03 1.16000000e+02]
 [1.06500000e+03 7.95000000e+02 1.29493535e-03 1.17000000e+02]
 [5.40000000e+02 7.97000000e+02 4.71113296e-03 1.18000000e+02]
 [4.77000000e+02 8.78000000e+02 3.33320512e-03 1.19000000e+02]
 [1.06500000e+03 8.78000000e+02 1.17995089e-03 1.20000000e+02]
 [7.08000000e+02 8.82000000e+02 1.39243854e-03 1.21000000e+02]
 [5.38000000e+02 9.74000000e+02 1.07166832e-02 1.22000000e+02]
 [9.63000000e+02 9.75000000e+02 3.33263143e-03 1.23000000e+02]
 [9.57000000e+02 9.77000000e+02 3.33518512e-03 1.24000000e+02]
 [9.48000000e+02 1.12700000e+03 2.82386076e-02 1.25000000e+02]
 [1.07900000e+03 1.18800000e+03 1.42471753e-02 1.26000000e+02]
 [7.79000000e+02 1.18900000e+03 3.02070845e-02 1.27000000e+02]
 [1.06500000e+03 1.18900000e+03 1.42481662e-02 1.28000000e+02]
 [5.31000000e+02 1.21100000e+03 8.77522886e-01 1.29000000e+02]
 [1.06500000e+03 1.90500000e+03 1.12628157e-03 1.30000000e+02]
 [8.34000000e+02 3.99000000e+02 3.10570002e-03 1.31000000e+02]
 [7.36000000e+02 4.88000000e+02 3.00734304e-03 1.32000000e+02]
 [8.68000000e+02 5.32000000e+02 6.18702639e-03 1.33000000e+02]
 [9.64000000e+02 5.94000000e+02 2.94691604e-03 1.34000000e+02]
 [4.60000000e+02 7.18000000e+02 3.26137431e-03 1.35000000e+02]
 [7.64000000e+02 8.55000000e+02 9.13028777e-01 1.36000000e+02]
 [1.03300000e+03 8.74000000e+02 1.79741078e-03 1.37000000e+02]
 [5.51000000e+02 1.03800000e+03 3.37109366e-03 1.38000000e+02]
 [9.82000000e+02 1.06900000e+03 1.02501409e-03 1.39000000e+02]
 [5.80000000e+02 1.10300000e+03 3.62368184e-03 1.40000000e+02]
 [7.68000000e+02 1.12000000e+03 3.44629609e-03 1.41000000e+02]
 [1.06500000e+03 1.24100000e+03 1.18566351e-03 1.42000000e+02]
 [9.27000000e+02 1.29400000e+03 1.29737332e-03 1.43000000e+02]
 [7.86000000e+02 5.35000000e+02 2.56025069e-03 1.44000000e+02]
 [8.72000000e+02 6.25000000e+02 1.52146677e-03 1.45000000e+02]
 [6.29000000e+02 7.06000000e+02 1.55794038e-03 1.46000000e+02]
 [1.07900000e+03 1.03000000e+03 3.23238596e-02 1.47000000e+02]
 [8.71000000e+02 1.03800000e+03 8.27862382e-01 1.48000000e+02]
 [3.73000000e+02 1.14100000e+03 1.24980602e-03 1.49000000e+02]
 [9.23000000e+02 1.28200000e+03 4.95135831e-03 1.50000000e+02]
 [1.06500000e+03 1.32300000e+03 1.27234706e-03 1.51000000e+02]
 [1.07900000e+03 1.44200000e+03 1.16304529e-03 1.52000000e+02]
 [9.60000000e+02 1.45900000e+03 1.68492028e-03 1.53000000e+02]
 [1.06500000e+03 1.90500000e+03 1.05080637e-03 1.54000000e+02]
 [8.92000000e+02 3.09000000e+02 1.98756508e-03 1.55000000e+02]
 [1.06500000e+03 3.74000000e+02 1.28354575e-03 1.56000000e+02]
 [8.61000000e+02 4.53000000e+02 1.98653364e-03 1.57000000e+02]
 [7.94000000e+02 5.36000000e+02 3.77641432e-03 1.58000000e+02]
 [1.06500000e+03 6.25000000e+02 1.13051035e-03 1.59000000e+02]
 [7.02000000e+02 6.27000000e+02 1.29378098e-03 1.60000000e+02]
 [8.65000000e+02 7.92000000e+02 4.67643328e-03 1.61000000e+02]
 [7.64000000e+02 8.80000000e+02 5.31299040e-03 1.62000000e+02]
 [9.57000000e+02 8.83000000e+02 2.88157328e-03 1.63000000e+02]
 [5.39000000e+02 9.59000000e+02 1.14749104e-03 1.64000000e+02]
 [6.38000000e+02 1.12600000e+03 1.07335234e-02 1.65000000e+02]
 [9.12000000e+02 1.17800000e+03 6.55833781e-01 1.66000000e+02]
 [1.07900000e+03 1.17900000e+03 1.24177895e-01 1.67000000e+02]
 [6.43000000e+02 1.31500000e+03 4.80088871e-03 1.68000000e+02]
 [6.42000000e+02 1.31700000e+03 4.80375858e-03 1.69000000e+02]
 [6.41000000e+02 1.32000000e+03 4.80138091e-03 1.70000000e+02]
 [6.40000000e+02 1.32300000e+03 4.79981583e-03 1.71000000e+02]
 [6.39000000e+02 1.32500000e+03 4.79546143e-03 1.72000000e+02]
 [6.38000000e+02 1.32700000e+03 4.78723785e-03 1.73000000e+02]
 [6.37000000e+02 1.33100000e+03 4.78509953e-03 1.74000000e+02]
 [6.36000000e+02 1.33300000e+03 4.79272380e-03 1.75000000e+02]
 [6.35000000e+02 1.33500000e+03 4.80060419e-03 1.76000000e+02]
 [8.72000000e+02 1.53700000e+03 1.74987921e-03 1.77000000e+02]
 [8.46000000e+02 2.18000000e+02 1.17361697e-03 1.78000000e+02]
 [1.07900000e+03 4.63000000e+02 4.05233018e-02 1.79000000e+02]
 [8.32000000e+02 4.83000000e+02 5.76455295e-01 1.80000000e+02]
 [1.06500000e+03 7.26000000e+02 1.14029855e-03 1.81000000e+02]
 [8.06000000e+02 9.56000000e+02 1.13156473e-03 1.82000000e+02]
 [5.40000000e+02 1.21000000e+03 6.25875080e-03 1.83000000e+02]
 [7.90000000e+02 1.22500000e+03 1.00934948e-03 1.84000000e+02]
 [1.07900000e+03 3.75000000e+02 1.02983303e-02 1.85000000e+02]
 [1.03600000e+03 3.80000000e+02 1.06382668e-02 1.86000000e+02]
 [1.03500000e+03 3.81000000e+02 1.06416335e-02 1.87000000e+02]
 [8.24000000e+02 5.05000000e+02 2.27357551e-01 1.88000000e+02]
 [1.03200000e+03 5.38000000e+02 1.17755020e-02 1.89000000e+02]
 [1.07900000e+03 5.42000000e+02 9.80131794e-03 1.90000000e+02]
 [7.89000000e+02 8.65000000e+02 2.97366339e-03 1.91000000e+02]
 [5.29000000e+02 9.50000000e+02 1.31012499e-03 1.92000000e+02]
 [8.07000000e+02 2.17000000e+02 1.74577150e-03 1.93000000e+02]
 [7.79000000e+02 4.63000000e+02 7.36137390e-01 1.94000000e+02]
 [4.53000000e+02 5.35000000e+02 1.28599838e-03 1.95000000e+02]
 [1.07900000e+03 5.60000000e+02 3.38141108e-03 1.96000000e+02]
 [5.18000000e+02 6.58000000e+02 1.08726497e-03 1.97000000e+02]
 [7.89000000e+02 6.96000000e+02 6.77328836e-03 1.98000000e+02]
 [5.94000000e+02 7.28000000e+02 1.17857137e-03 1.99000000e+02]
 [7.98000000e+02 9.61000000e+02 2.16649100e-03 2.00000000e+02]
 [6.23000000e+02 1.21100000e+03 4.55632154e-03 2.01000000e+02]
 [8.16000000e+02 4.50000000e+02 2.88904123e-02 2.02000000e+02]
 [1.07900000e+03 5.06000000e+02 4.02416987e-03 2.03000000e+02]
 [4.56000000e+02 5.40000000e+02 2.35590502e-03 2.04000000e+02]
 [7.95000000e+02 9.68000000e+02 1.47679285e-03 2.05000000e+02]]