[[1.80000000e+02 4.51000000e+02 9.00058866e-01 0.00000000e+00]
 [2.73000000e+02 4.85000000e+02 9.21925187e-01 1.00000000e+00]
 [2.16000000e+02 5.13000000e+02 8.77108753e-01 2.00000000e+00]
 [2.57000000e+02 6.15000000e+02 9.53479350e-01 3.00000000e+00]
 [1.82000000e+02 6.50000000e+02 7.79966652e-01 4.00000000e+00]
 [3.28000000e+02 4.65000000e+02 9.01591599e-01 5.00000000e+00]
 [4.50000000e+02 5.50000000e+02 9.11796927e-01 6.00000000e+00]
 [3.69000000e+02 6.47000000e+02 1.01222944e+00 7.00000000e+00]
 [3.28000000e+02 6.77000000e+02 8.36487353e-01 8.00000000e+00]
 [2.69000000e+02 8.08000000e+02 9.38611746e-01 9.00000000e+00]
 [2.52000000e+02 9.67000000e+02 9.40615714e-01 1.00000000e+01]
 [4.25000000e+02 6.55000000e+02 8.23802412e-01 1.10000000e+01]
 [4.80000000e+02 8.21000000e+02 9.38589633e-01 1.20000000e+01]
 [5.60000000e+02 9.65000000e+02 9.30932224e-01 1.30000000e+01]
 [1.62000000e+02 4.40000000e+02 6.26672685e-01 1.40000000e+01]
 [1.86000000e+02 4.25000000e+02 9.18607950e-01 1.50000000e+01]
 [2.33000000e+02 4.04000000e+02 8.84462476e-01 1.60000000e+01]]