[[1.40000000e+01 1.57000000e+02 1.20294502e-03 0.00000000e+00]
 [7.37000000e+02 3.09000000e+02 8.95074569e-03 1.00000000e+00]
 [1.07900000e+03 4.49000000e+02 1.56357139e-03 2.00000000e+00]
 [1.03400000e+03 4.89000000e+02 2.66641192e-03 3.00000000e+00]
 [4.58000000e+02 5.09000000e+02 1.53639598e-03 4.00000000e+00]
 [7.57000000e+02 5.40000000e+02 9.08211231e-01 5.00000000e+00]
 [1.06500000e+03 6.28000000e+02 4.04855656e-03 6.00000000e+00]
 [9.84000000e+02 7.36000000e+02 1.60417892e-03 7.00000000e+00]
 [7.84000000e+02 7.86000000e+02 2.23003584e-03 8.00000000e+00]
 [6.24000000e+02 7.90000000e+02 2.36929092e-03 9.00000000e+00]
 [6.40000000e+02 1.04900000e+03 1.67777832e-03 1.00000000e+01]
 [8.61000000e+02 1.12200000e+03 2.10286235e-03 1.10000000e+01]
 [4.62000000e+02 1.16000000e+03 3.09572904e-03 1.20000000e+01]
 [1.06500000e+03 5.52000000e+02 1.89548312e-03 1.30000000e+01]
 [1.04700000e+03 5.57000000e+02 1.94552552e-03 1.40000000e+01]
 [1.04100000e+03 5.64000000e+02 1.88594765e-03 1.50000000e+01]
 [7.53000000e+02 5.98000000e+02 8.95263493e-01 1.60000000e+01]
 [9.77000000e+02 8.13000000e+02 1.59289921e-03 1.70000000e+01]
 [7.84000000e+02 8.75000000e+02 1.93448679e-03 1.80000000e+01]
 [6.21000000e+02 9.65000000e+02 2.55085365e-03 1.90000000e+01]
 [7.72000000e+02 1.04800000e+03 1.03116652e-03 2.00000000e+01]
 [8.71000000e+02 1.40000000e+01 3.83258238e-03 2.10000000e+01]
 [9.56000000e+02 3.75000000e+02 1.75746204e-03 2.20000000e+01]
 [1.06500000e+03 5.64000000e+02 7.88300391e-03 2.30000000e+01]
 [6.61000000e+02 6.04000000e+02 9.05365050e-01 2.40000000e+01]
 [9.51000000e+02 6.25000000e+02 3.26587516e-03 2.50000000e+01]
 [8.99000000e+02 8.12000000e+02 1.33185030e-03 2.60000000e+01]
 [8.80000000e+02 9.59000000e+02 2.26633740e-03 2.70000000e+01]
 [6.09000000e+02 9.69000000e+02 2.55283481e-03 2.80000000e+01]
 [7.82000000e+02 1.05600000e+03 2.72097485e-03 2.90000000e+01]
 [4.57000000e+02 1.37700000e+03 1.55874062e-03 3.00000000e+01]
 [1.40000000e+01 1.40000000e+01 1.03385956e-03 3.10000000e+01]
 [8.53000000e+02 1.40000000e+01 2.37568258e-03 3.20000000e+01]
 [6.02000000e+02 4.76000000e+02 6.23723725e-03 3.30000000e+01]
 [8.68000000e+02 6.30000000e+02 1.69181805e-02 3.40000000e+01]
 [1.06500000e+03 6.57000000e+02 8.82373564e-03 3.50000000e+01]
 [5.82000000e+02 7.11000000e+02 8.54961991e-01 3.60000000e+01]
 [8.64000000e+02 7.80000000e+02 1.08208787e-02 3.70000000e+01]
 [9.43000000e+02 9.56000000e+02 1.33803673e-03 3.80000000e+01]
 [6.32000000e+02 1.04400000e+03 3.86151182e-03 3.90000000e+01]
 [7.77000000e+02 1.04400000e+03 2.66458816e-03 4.00000000e+01]
 [8.70000000e+02 5.60000000e+02 2.90417299e-03 4.10000000e+01]
 [6.06000000e+02 7.09000000e+02 6.61437035e-01 4.20000000e+01]
 [8.52000000e+02 7.22000000e+02 4.46064956e-03 4.30000000e+01]
 [8.63000000e+02 7.69000000e+02 4.15254105e-03 4.40000000e+01]
 [1.06500000e+03 7.97000000e+02 4.73857718e-03 4.50000000e+01]
 [8.67000000e+02 9.59000000e+02 3.90721019e-03 4.60000000e+01]
 [7.57000000e+02 1.03300000e+03 2.72281282e-03 4.70000000e+01]
 [7.59000000e+02 1.03400000e+03 2.72329594e-03 4.80000000e+01]
 [6.12000000e+02 1.04300000e+03 3.23548587e-03 4.90000000e+01]
 [6.22000000e+02 1.10800000e+03 2.71942746e-03 5.00000000e+01]
 [3.75000000e+02 1.18700000e+03 3.13109159e-03 5.10000000e+01]
 [8.71000000e+02 1.22800000e+03 1.59519049e-03 5.20000000e+01]
 [4.79000000e+02 1.40500000e+03 1.55253825e-03 5.30000000e+01]
 [8.70000000e+02 1.40000000e+01 3.89087060e-03 5.40000000e+01]
 [7.89000000e+02 2.92000000e+02 4.75098612e-03 5.50000000e+01]
 [4.66000000e+02 5.65000000e+02 1.50139490e-03 5.60000000e+01]
 [4.67000000e+02 5.67000000e+02 1.49963831e-03 5.70000000e+01]
 [4.68000000e+02 5.71000000e+02 1.49799243e-03 5.80000000e+01]
 [4.69000000e+02 5.74000000e+02 1.49525050e-03 5.90000000e+01]
 [8.50000000e+02 5.94000000e+02 8.83160532e-01 6.00000000e+01]
 [1.07900000e+03 6.05000000e+02 7.55358115e-03 6.10000000e+01]
 [1.06500000e+03 8.24000000e+02 1.83736137e-03 6.20000000e+01]
 [9.63000000e+02 8.77000000e+02 2.83401739e-03 6.30000000e+01]
 [5.31000000e+02 8.83000000e+02 1.04016822e-03 6.40000000e+01]
 [6.13000000e+02 1.03400000e+03 3.26326583e-03 6.50000000e+01]
 [7.99000000e+02 1.11700000e+03 1.80093560e-03 6.60000000e+01]
 [5.52000000e+02 1.21200000e+03 1.33378292e-03 6.70000000e+01]
 [1.06500000e+03 1.22200000e+03 1.05526485e-03 6.80000000e+01]
 [4.57000000e+02 1.37900000e+03 1.81047246e-03 6.90000000e+01]
 [1.40000000e+01 1.40000000e+01 1.41366932e-03 7.00000000e+01]
 [8.44000000e+02 1.40000000e+01 1.83655915e-03 7.10000000e+01]
 [8.73000000e+02 4.74000000e+02 4.46951389e-03 7.20000000e+01]
 [4.55000000e+02 5.38000000e+02 1.47866900e-03 7.30000000e+01]
 [8.90000000e+02 7.06000000e+02 8.20564449e-01 7.40000000e+01]
 [1.07900000e+03 7.09000000e+02 6.95223957e-02 7.50000000e+01]
 [4.77000000e+02 7.93000000e+02 3.60598671e-03 7.60000000e+01]
 [8.81000000e+02 9.40000000e+02 9.69496462e-03 7.70000000e+01]
 [7.64000000e+02 1.05300000e+03 3.20695527e-03 7.80000000e+01]
 [4.87000000e+02 1.21200000e+03 1.09546527e-03 7.90000000e+01]
 [1.06500000e+03 1.90500000e+03 1.05564157e-03 8.00000000e+01]
 [1.40000000e+01 1.40000000e+01 1.33737747e-03 8.10000000e+01]
 [7.16000000e+02 4.58000000e+02 4.66228928e-03 8.20000000e+01]
 [1.06500000e+03 5.20000000e+02 1.16608280e-03 8.30000000e+01]
 [6.13000000e+02 5.32000000e+02 1.93137513e-03 8.40000000e+01]
 [7.97000000e+02 5.53000000e+02 8.46804492e-03 8.50000000e+01]
 [6.39000000e+02 6.86000000e+02 1.99960708e-03 8.60000000e+01]
 [1.07900000e+03 7.17000000e+02 5.12282271e-03 8.70000000e+01]
 [4.56000000e+02 7.18000000e+02 3.09272343e-03 8.80000000e+01]
 [8.52000000e+02 8.03000000e+02 8.86518240e-01 8.90000000e+01]
 [6.31000000e+02 8.41000000e+02 3.45480908e-03 9.00000000e+01]
 [1.06500000e+03 1.06000000e+03 4.31094319e-03 9.10000000e+01]
 [7.88000000e+02 1.12500000e+03 3.58093344e-03 9.20000000e+01]
 [1.06500000e+03 1.17900000e+03 3.63641419e-03 9.30000000e+01]
 [1.06500000e+03 1.36900000e+03 1.35256012e-03 9.40000000e+01]
 [1.06500000e+03 1.90500000e+03 1.15151051e-03 9.50000000e+01]
 [1.40000000e+01 1.40000000e+01 1.26900536e-03 9.60000000e+01]
 [8.99000000e+02 1.40000000e+01 2.85497424e-03 9.70000000e+01]
 [1.07900000e+03 1.40000000e+01 2.06596451e-03 9.80000000e+01]
 [7.89000000e+02 5.40000000e+02 4.92827408e-03 9.90000000e+01]
 [9.10000000e+02 6.18000000e+02 1.99424941e-03 1.00000000e+02]
 [9.55000000e+02 6.69000000e+02 2.11087731e-03 1.01000000e+02]
 [6.73000000e+02 8.47000000e+02 8.98457527e-01 1.02000000e+02]
 [7.88000000e+02 1.12500000e+03 1.84527575e-03 1.03000000e+02]
 [9.23000000e+02 1.40000000e+01 1.83525041e-03 1.04000000e+02]
 [1.07900000e+03 1.40000000e+01 1.01574685e-03 1.05000000e+02]
 [7.98000000e+02 5.43000000e+02 4.71341191e-03 1.06000000e+02]
 [7.16000000e+02 7.07000000e+02 2.59800628e-03 1.07000000e+02]
 [4.44000000e+02 7.41000000e+02 2.13965122e-03 1.08000000e+02]
 [8.72000000e+02 7.93000000e+02 2.69140070e-03 1.09000000e+02]
 [1.06500000e+03 8.87000000e+02 5.14820172e-03 1.10000000e+02]
 [8.59000000e+02 9.68000000e+02 2.39735516e-03 1.11000000e+02]
 [6.02000000e+02 1.03000000e+03 9.63188469e-01 1.12000000e+02]
 [1.06500000e+03 1.03600000e+03 1.07484218e-02 1.13000000e+02]
 [8.64000000e+02 1.10200000e+03 1.53427816e-03 1.14000000e+02]
 [9.54000000e+02 1.12700000e+03 2.97138770e-03 1.15000000e+02]
 [3.44000000e+02 1.23800000e+03 1.02626439e-03 1.16000000e+02]
 [5.30000000e+02 1.38800000e+03 1.02132023e-03 1.17000000e+02]
 [1.06500000e+03 1.90500000e+03 1.63116446e-03 1.18000000e+02]
 [7.93000000e+02 5.42000000e+02 5.09224413e-03 1.19000000e+02]
 [9.30000000e+02 6.59000000e+02 1.12197606e-03 1.20000000e+02]
 [9.56000000e+02 6.89000000e+02 1.19619002e-03 1.21000000e+02]
 [6.01000000e+02 7.16000000e+02 1.62882172e-03 1.22000000e+02]
 [4.65000000e+02 7.31000000e+02 3.40245105e-03 1.23000000e+02]
 [8.66000000e+02 7.92000000e+02 2.39382777e-03 1.24000000e+02]
 [1.06500000e+03 8.69000000e+02 1.54343550e-03 1.25000000e+02]
 [5.26000000e+02 8.85000000e+02 7.98531063e-03 1.26000000e+02]
 [1.06500000e+03 9.63000000e+02 1.10435730e-03 1.27000000e+02]
 [6.98000000e+02 9.68000000e+02 5.04473178e-03 1.28000000e+02]
 [4.94000000e+02 9.69000000e+02 1.82313044e-02 1.29000000e+02]
 [6.99000000e+02 9.69000000e+02 5.04414691e-03 1.30000000e+02]
 [1.07900000e+03 1.14100000e+03 1.37533806e-02 1.31000000e+02]
 [8.67000000e+02 1.17600000e+03 3.40735316e-02 1.32000000e+02]
 [7.88000000e+02 1.18300000e+03 2.42713690e-02 1.33000000e+02]
 [5.18000000e+02 1.22000000e+03 9.27748621e-01 1.34000000e+02]
 [1.06500000e+03 1.27300000e+03 1.01711079e-02 1.35000000e+02]
 [1.06500000e+03 1.90500000e+03 1.59892393e-03 1.36000000e+02]
 [1.40000000e+01 1.40000000e+01 1.72960595e-03 1.37000000e+02]
 [8.79000000e+02 1.40000000e+01 1.75582245e-03 1.38000000e+02]
 [1.06500000e+03 1.40000000e+01 1.16130325e-03 1.39000000e+02]
 [7.89000000e+02 5.39000000e+02 5.14370156e-03 1.40000000e+02]
 [6.02000000e+02 6.01000000e+02 1.04117824e-03 1.41000000e+02]
 [5.40000000e+02 7.09000000e+02 4.50255256e-03 1.42000000e+02]
 [8.06000000e+02 8.54000000e+02 9.25133526e-01 1.43000000e+02]
 [5.47000000e+02 8.81000000e+02 4.45762463e-03 1.44000000e+02]
 [5.48000000e+02 1.10900000e+03 2.61394167e-03 1.45000000e+02]
 [7.84000000e+02 1.11800000e+03 4.27811919e-03 1.46000000e+02]
 [1.06500000e+03 1.21600000e+03 1.36956177e-03 1.47000000e+02]
 [9.12000000e+02 1.30600000e+03 1.13025075e-03 1.48000000e+02]
 [1.40000000e+01 1.40000000e+01 1.52230228e-03 1.49000000e+02]
 [1.40000000e+01 2.67000000e+02 1.14190218e-03 1.50000000e+02]
 [8.01000000e+02 5.43000000e+02 3.34055792e-03 1.51000000e+02]
 [6.23000000e+02 6.18000000e+02 3.20508750e-03 1.52000000e+02]
 [7.84000000e+02 7.09000000e+02 3.65329301e-03 1.53000000e+02]
 [1.06500000e+03 7.22000000e+02 1.99725572e-03 1.54000000e+02]
 [5.38000000e+02 8.76000000e+02 9.85358655e-03 1.55000000e+02]
 [8.93000000e+02 1.04300000e+03 8.70078981e-01 1.56000000e+02]
 [1.07900000e+03 1.05600000e+03 9.29635093e-02 1.57000000e+02]
 [4.47000000e+02 1.12600000e+03 3.17721581e-03 1.58000000e+02]
 [6.26000000e+02 1.12600000e+03 5.64387441e-03 1.59000000e+02]
 [5.36000000e+02 1.21000000e+03 2.92367232e-03 1.60000000e+02]
 [9.11000000e+02 1.27400000e+03 1.15625542e-02 1.61000000e+02]
 [1.07900000e+03 1.29400000e+03 1.23830477e-03 1.62000000e+02]
 [9.54000000e+02 1.46800000e+03 1.95498299e-03 1.63000000e+02]
 [1.06500000e+03 1.90500000e+03 1.66762876e-03 1.64000000e+02]
 [1.40000000e+01 1.40000000e+01 1.04914559e-03 1.65000000e+02]
 [7.25000000e+02 5.32000000e+02 2.96513038e-03 1.66000000e+02]
 [5.44000000e+02 7.05000000e+02 2.31863768e-03 1.67000000e+02]
 [7.45000000e+02 7.10000000e+02 2.66624754e-03 1.68000000e+02]
 [8.67000000e+02 7.92000000e+02 3.55380448e-03 1.69000000e+02]
 [7.79000000e+02 8.79000000e+02 4.05228790e-03 1.70000000e+02]
 [7.09000000e+02 9.68000000e+02 3.06750997e-03 1.71000000e+02]
 [7.08000000e+02 9.69000000e+02 3.06950440e-03 1.72000000e+02]
 [5.54000000e+02 1.12600000e+03 8.68997350e-03 1.73000000e+02]
 [6.27000000e+02 1.13000000e+03 8.83220602e-03 1.74000000e+02]
 [1.07900000e+03 1.21700000e+03 1.19507365e-01 1.75000000e+02]
 [9.08000000e+02 1.21900000e+03 7.42871404e-01 1.76000000e+02]
 [6.25000000e+02 1.36200000e+03 7.86574930e-03 1.77000000e+02]
 [6.24000000e+02 1.36300000e+03 7.86327478e-03 1.78000000e+02]
 [8.75000000e+02 1.53500000e+03 5.85190114e-03 1.79000000e+02]
 [1.06500000e+03 1.90500000e+03 1.26244209e-03 1.80000000e+02]
 [1.07900000e+03 4.68000000e+02 1.19644869e-03 1.81000000e+02]
 [1.03800000e+03 4.77000000e+02 1.65457150e-03 1.82000000e+02]
 [7.31000000e+02 5.23000000e+02 9.06677425e-01 1.83000000e+02]
 [4.60000000e+02 5.30000000e+02 1.20603095e-03 1.84000000e+02]
 [1.06500000e+03 6.23000000e+02 3.30315460e-03 1.85000000e+02]
 [5.18000000e+02 7.48000000e+02 1.80125132e-03 1.86000000e+02]
 [5.19000000e+02 7.49000000e+02 1.80310628e-03 1.87000000e+02]
 [6.11000000e+02 8.67000000e+02 2.65255873e-03 1.88000000e+02]
 [7.86000000e+02 9.83000000e+02 1.11395668e-03 1.89000000e+02]
 [5.31000000e+02 1.21000000e+03 7.88703095e-03 1.90000000e+02]
 [9.62000000e+02 1.21000000e+03 2.32258812e-03 1.91000000e+02]
 [7.89000000e+02 1.25200000e+03 1.12621184e-03 1.92000000e+02]
 [1.03000000e+03 4.72000000e+02 3.37524852e-03 1.93000000e+02]
 [7.77000000e+02 5.17000000e+02 9.16320920e-01 1.94000000e+02]
 [1.06500000e+03 6.29000000e+02 4.88167396e-03 1.95000000e+02]
 [9.82000000e+02 7.37000000e+02 1.22690341e-03 1.96000000e+02]
 [7.88000000e+02 7.89000000e+02 2.76936800e-03 1.97000000e+02]
 [8.42000000e+02 8.74000000e+02 2.08984688e-03 1.98000000e+02]
 [5.24000000e+02 9.36000000e+02 1.09056279e-03 1.99000000e+02]
 [5.25000000e+02 9.37000000e+02 1.09095103e-03 2.00000000e+02]
 [6.25000000e+02 1.04300000e+03 1.53305347e-03 2.01000000e+02]
 [4.57000000e+02 1.22100000e+03 1.03225396e-03 2.02000000e+02]
 [1.40000000e+01 1.40000000e+02 1.02417590e-03 2.03000000e+02]
 [9.43000000e+02 4.66000000e+02 2.98184692e-03 2.04000000e+02]
 [1.06500000e+03 4.88000000e+02 1.35958893e-03 2.05000000e+02]
 [4.68000000e+02 5.10000000e+02 4.31686174e-03 2.06000000e+02]
 [7.03000000e+02 5.22000000e+02 7.36739635e-01 2.07000000e+02]
 [6.22000000e+02 9.57000000e+02 1.12296874e-03 2.08000000e+02]
 [8.63000000e+02 9.74000000e+02 1.69386517e-03 2.09000000e+02]
 [8.74000000e+02 1.10500000e+03 1.27952022e-03 2.10000000e+02]
 [6.23000000e+02 1.21000000e+03 7.16073113e-03 2.11000000e+02]
 [7.95000000e+02 4.90000000e+02 6.93828940e-01 2.12000000e+02]
 [1.02600000e+03 5.11000000e+02 4.05248627e-03 2.13000000e+02]
 [1.06500000e+03 6.45000000e+02 1.21181237e-03 2.14000000e+02]
 [8.81000000e+02 7.79000000e+02 1.93270959e-03 2.15000000e+02]
 [8.40000000e+02 1.05000000e+03 1.03302940e-03 2.16000000e+02]
 [4.58000000e+02 1.21000000e+03 1.20265340e-03 2.17000000e+02]]