[[1.40000000e+01 2.14000000e+02 1.18847657e-03 0.00000000e+00]
 [1.03400000e+03 4.86000000e+02 2.01520999e-03 1.00000000e+00]
 [4.68000000e+02 4.89000000e+02 3.57250497e-03 2.00000000e+00]
 [7.15000000e+02 5.21000000e+02 4.85282183e-01 3.00000000e+00]
 [1.03500000e+03 6.21000000e+02 2.38221022e-03 4.00000000e+00]
 [1.07900000e+03 6.27000000e+02 2.17560842e-03 5.00000000e+00]
 [9.85000000e+02 7.29000000e+02 2.19261111e-03 6.00000000e+00]
 [1.06500000e+03 7.76000000e+02 2.17620959e-03 7.00000000e+00]
 [7.71000000e+02 7.85000000e+02 8.34554899e-03 8.00000000e+00]
 [5.47000000e+02 7.88000000e+02 2.93865288e-03 9.00000000e+00]
 [4.41000000e+02 8.92000000e+02 1.07975793e-03 1.00000000e+01]
 [4.40000000e+02 8.93000000e+02 1.08046923e-03 1.10000000e+01]
 [6.01000000e+02 1.04600000e+03 1.07761950e-03 1.20000000e+01]
 [7.88000000e+02 1.10400000e+03 1.34559465e-03 1.30000000e+01]
 [4.55000000e+02 1.20800000e+03 1.20733655e-03 1.40000000e+01]
 [6.86000000e+02 2.99000000e+02 1.36115088e-03 1.50000000e+01]
 [6.62000000e+02 5.76000000e+02 8.89583051e-01 1.60000000e+01]
 [9.55000000e+02 5.91000000e+02 1.70577678e-03 1.70000000e+01]
 [7.98000000e+02 8.67000000e+02 1.09483395e-03 1.80000000e+01]
 [7.97000000e+02 8.68000000e+02 1.09463988e-03 1.90000000e+01]
 [5.84000000e+02 8.75000000e+02 1.58175244e-03 2.00000000e+01]
 [5.81000000e+02 8.76000000e+02 1.55818556e-03 2.10000000e+01]
 [5.37000000e+02 9.45000000e+02 2.32783356e-03 2.20000000e+01]
 [7.29000000e+02 9.60000000e+02 1.66344724e-03 2.30000000e+01]
 [8.25000000e+02 1.40000000e+01 2.05135811e-03 2.40000000e+01]
 [1.07900000e+03 5.52000000e+02 1.85914116e-03 2.50000000e+01]
 [5.71000000e+02 5.68000000e+02 8.91672194e-01 2.60000000e+01]
 [9.33000000e+02 6.06000000e+02 6.56533940e-03 2.70000000e+01]
 [8.64000000e+02 6.07000000e+02 1.05276024e-02 2.80000000e+01]
 [9.58000000e+02 7.82000000e+02 2.57238094e-03 2.90000000e+01]
 [3.94000000e+02 7.87000000e+02 1.09316502e-03 3.00000000e+01]
 [3.62000000e+02 8.29000000e+02 1.17787917e-03 3.10000000e+01]
 [3.70000000e+02 8.43000000e+02 1.15676201e-03 3.20000000e+01]
 [4.41000000e+02 8.77000000e+02 1.98183605e-03 3.30000000e+01]
 [5.31000000e+02 9.63000000e+02 2.65582465e-03 3.40000000e+01]
 [7.39000000e+02 9.73000000e+02 3.47758294e-03 3.50000000e+01]
 [4.47000000e+02 3.81000000e+02 1.91505672e-03 3.60000000e+01]
 [1.06500000e+03 6.02000000e+02 5.06615778e-03 3.70000000e+01]
 [7.87000000e+02 6.23000000e+02 5.09775989e-03 3.80000000e+01]
 [8.67000000e+02 6.37000000e+02 6.02548523e-03 3.90000000e+01]
 [5.18000000e+02 6.87000000e+02 8.44699323e-01 4.00000000e+01]
 [1.07900000e+03 7.88000000e+02 1.03835075e-03 4.10000000e+01]
 [7.88000000e+02 9.60000000e+02 2.64360080e-03 4.20000000e+01]
 [5.83000000e+02 1.21000000e+03 1.07309525e-03 4.30000000e+01]
 [8.00000000e+02 1.22800000e+03 1.43048505e-03 4.40000000e+01]
 [7.03000000e+02 4.03000000e+02 2.45382078e-03 4.50000000e+01]
 [7.04000000e+02 4.04000000e+02 2.45436700e-03 4.60000000e+01]
 [6.45000000e+02 4.66000000e+02 5.07723913e-03 4.70000000e+01]
 [1.06500000e+03 6.20000000e+02 2.48290366e-03 4.80000000e+01]
 [8.62000000e+02 7.30000000e+02 8.39042291e-03 4.90000000e+01]
 [8.63000000e+02 7.32000000e+02 8.39364156e-03 5.00000000e+01]
 [2.98000000e+02 7.46000000e+02 2.75618909e-03 5.10000000e+01]
 [5.70000000e+02 7.59000000e+02 7.16111243e-01 5.20000000e+01]
 [9.36000000e+02 7.78000000e+02 4.18115268e-03 5.30000000e+01]
 [9.35000000e+02 7.79000000e+02 4.18173615e-03 5.40000000e+01]
 [3.06000000e+02 8.56000000e+02 1.91408838e-03 5.50000000e+01]
 [7.70000000e+02 9.37000000e+02 4.60869214e-03 5.60000000e+01]
 [7.68000000e+02 9.39000000e+02 4.61745309e-03 5.70000000e+01]
 [7.67000000e+02 9.40000000e+02 4.61820280e-03 5.80000000e+01]
 [5.45000000e+02 1.04300000e+03 3.66775598e-03 5.90000000e+01]
 [6.23000000e+02 1.14500000e+03 2.81176413e-03 6.00000000e+01]
 [7.88000000e+02 1.16900000e+03 2.37410469e-03 6.10000000e+01]
 [3.29000000e+02 1.20800000e+03 1.50657375e-03 6.20000000e+01]
 [4.17000000e+02 1.37800000e+03 1.45405612e-03 6.30000000e+01]
 [8.24000000e+02 1.40000000e+01 2.26266054e-03 6.40000000e+01]
 [1.40000000e+01 2.41000000e+02 1.03287853e-03 6.50000000e+01]
 [3.80000000e+02 4.78000000e+02 1.75313686e-03 6.60000000e+01]
 [1.03400000e+03 5.57000000e+02 2.58230092e-03 6.70000000e+01]
 [7.49000000e+02 5.85000000e+02 8.36703956e-01 6.80000000e+01]
 [4.62000000e+02 6.12000000e+02 8.32454860e-03 6.90000000e+01]
 [8.08000000e+02 8.68000000e+02 7.98299629e-03 7.00000000e+01]
 [5.38000000e+02 9.95000000e+02 2.59961141e-03 7.10000000e+01]
 [6.27000000e+02 1.17200000e+03 1.44195452e-03 7.20000000e+01]
 [8.55000000e+02 3.78000000e+02 1.14062277e-03 7.30000000e+01]
 [3.93000000e+02 4.72000000e+02 1.93365291e-03 7.40000000e+01]
 [1.07900000e+03 4.90000000e+02 1.46156433e-03 7.50000000e+01]
 [1.02600000e+03 5.91000000e+02 2.65170401e-03 7.60000000e+01]
 [1.02800000e+03 6.75000000e+02 2.85457727e-03 7.70000000e+01]
 [7.67000000e+02 7.04000000e+02 7.56602883e-01 7.80000000e+01]
 [1.02700000e+03 7.60000000e+02 2.92344112e-03 7.90000000e+01]
 [6.06000000e+02 9.86000000e+02 2.15984322e-03 8.00000000e+01]
 [8.83000000e+02 1.04400000e+03 1.54130498e-03 8.10000000e+01]
 [9.51000000e+02 1.12600000e+03 1.24840625e-03 8.20000000e+01]
 [6.27000000e+02 1.20100000e+03 2.05743499e-03 8.30000000e+01]
 [4.59000000e+02 1.21100000e+03 1.84158084e-03 8.40000000e+01]
 [7.03000000e+02 3.83000000e+02 2.46155798e-03 8.50000000e+01]
 [9.67000000e+02 4.81000000e+02 1.14402792e-03 8.60000000e+01]
 [9.68000000e+02 4.82000000e+02 1.14313071e-03 8.70000000e+01]
 [9.69000000e+02 4.84000000e+02 1.14184630e-03 8.80000000e+01]
 [9.43000000e+02 5.50000000e+02 1.21081423e-03 8.90000000e+01]
 [4.57000000e+02 5.89000000e+02 2.90460349e-03 9.00000000e+01]
 [1.07900000e+03 6.98000000e+02 1.57515286e-03 9.10000000e+01]
 [3.72000000e+02 7.09000000e+02 2.28435220e-03 9.20000000e+01]
 [1.03200000e+03 7.21000000e+02 3.50002013e-03 9.30000000e+01]
 [5.56000000e+02 7.60000000e+02 2.68096440e-02 9.40000000e+01]
 [7.60000000e+02 7.80000000e+02 7.94565141e-01 9.50000000e+01]
 [4.55000000e+02 8.78000000e+02 2.98804161e-03 9.60000000e+01]
 [8.93000000e+02 1.03500000e+03 1.08766332e-02 9.70000000e+01]
 [6.24000000e+02 1.04100000e+03 1.83584448e-03 9.80000000e+01]
 [6.23000000e+02 1.04200000e+03 1.82792521e-03 9.90000000e+01]
 [6.31000000e+02 1.12300000e+03 2.67457543e-03 1.00000000e+02]
 [9.57000000e+02 1.25900000e+03 4.51843394e-03 1.01000000e+02]
 [8.72000000e+02 1.37700000e+03 2.34722649e-03 1.02000000e+02]
 [3.71000000e+02 4.60000000e+02 1.30453345e-03 1.03000000e+02]
 [7.56000000e+02 5.45000000e+02 2.56343605e-03 1.04000000e+02]
 [7.94000000e+02 5.66000000e+02 2.38390546e-03 1.05000000e+02]
 [8.22000000e+02 6.08000000e+02 2.63944012e-03 1.06000000e+02]
 [8.23000000e+02 6.09000000e+02 2.63804710e-03 1.07000000e+02]
 [8.24000000e+02 6.10000000e+02 2.63654557e-03 1.08000000e+02]
 [7.85000000e+02 6.40000000e+02 2.43767118e-03 1.09000000e+02]
 [8.65000000e+02 8.05000000e+02 3.80865508e-03 1.10000000e+02]
 [5.56000000e+02 8.36000000e+02 9.07929242e-01 1.11000000e+02]
 [1.06500000e+03 8.73000000e+02 1.31142163e-03 1.12000000e+02]
 [6.26000000e+02 1.12800000e+03 1.03279366e-03 1.13000000e+02]
 [7.86000000e+02 1.21600000e+03 1.10639038e-03 1.14000000e+02]
 [7.21000000e+02 5.36000000e+02 3.07581970e-03 1.15000000e+02]
 [3.45000000e+02 7.72000000e+02 1.30748504e-03 1.16000000e+02]
 [7.59000000e+02 7.92000000e+02 4.48303297e-03 1.17000000e+02]
 [9.56000000e+02 9.60000000e+02 3.14947381e-03 1.18000000e+02]
 [7.76000000e+02 9.62000000e+02 2.38598604e-03 1.19000000e+02]
 [3.07000000e+02 1.00700000e+03 6.66559674e-03 1.20000000e+02]
 [5.27000000e+02 1.01000000e+03 8.81990075e-01 1.21000000e+02]
 [4.49000000e+02 1.37900000e+03 1.21236558e-03 1.22000000e+02]
 [7.30000000e+02 5.32000000e+02 3.13761691e-03 1.23000000e+02]
 [6.22000000e+02 6.40000000e+02 3.13106063e-03 1.24000000e+02]
 [8.75000000e+02 6.80000000e+02 2.09822343e-03 1.25000000e+02]
 [4.57000000e+02 7.83000000e+02 2.29142769e-03 1.26000000e+02]
 [6.31000000e+02 7.99000000e+02 3.64576699e-03 1.27000000e+02]
 [3.74000000e+02 8.82000000e+02 1.81792676e-03 1.28000000e+02]
 [6.21000000e+02 8.86000000e+02 3.18484497e-03 1.29000000e+02]
 [9.57000000e+02 1.13000000e+03 3.05833458e-03 1.30000000e+02]
 [7.79000000e+02 1.14800000e+03 2.08134577e-02 1.31000000e+02]
 [4.66000000e+02 1.19500000e+03 8.64910960e-01 1.32000000e+02]
 [2.18000000e+02 1.21400000e+03 2.52440735e-03 1.33000000e+02]
 [9.53000000e+02 1.28700000e+03 2.89320294e-03 1.34000000e+02]
 [4.69000000e+02 1.44800000e+03 5.75150456e-03 1.35000000e+02]
 [1.06500000e+03 1.90500000e+03 1.03602733e-03 1.36000000e+02]
 [6.41000000e+02 4.59000000e+02 1.75109995e-03 1.37000000e+02]
 [7.75000000e+02 5.41000000e+02 2.93931738e-03 1.38000000e+02]
 [8.84000000e+02 6.14000000e+02 2.17662053e-03 1.39000000e+02]
 [8.83000000e+02 6.15000000e+02 2.18001683e-03 1.40000000e+02]
 [8.54000000e+02 6.33000000e+02 2.44608265e-03 1.41000000e+02]
 [3.72000000e+02 7.18000000e+02 2.43159290e-03 1.42000000e+02]
 [4.78000000e+02 8.13000000e+02 1.11491978e-02 1.43000000e+02]
 [4.77000000e+02 8.15000000e+02 1.12016965e-02 1.44000000e+02]
 [6.93000000e+02 8.37000000e+02 9.00222063e-01 1.45000000e+02]
 [9.43000000e+02 8.38000000e+02 3.64745501e-03 1.46000000e+02]
 [8.92000000e+02 1.06400000e+03 2.16241856e-03 1.47000000e+02]
 [5.73000000e+02 1.12600000e+03 3.72038526e-03 1.48000000e+02]
 [8.40000000e+02 1.23300000e+03 2.23941728e-03 1.49000000e+02]
 [1.40000000e+01 1.40000000e+01 1.03413418e-03 1.50000000e+02]
 [7.82000000e+02 5.43000000e+02 1.52679137e-03 1.51000000e+02]
 [6.12000000e+02 5.94000000e+02 3.52807483e-03 1.52000000e+02]
 [6.13000000e+02 5.95000000e+02 3.52854119e-03 1.53000000e+02]
 [7.06000000e+02 7.11000000e+02 2.49187322e-03 1.54000000e+02]
 [7.71000000e+02 1.00200000e+03 9.31935251e-01 1.55000000e+02]
 [1.03000000e+03 1.03000000e+03 1.62850984e-03 1.56000000e+02]
 [4.55000000e+02 1.21000000e+03 1.97806908e-03 1.57000000e+02]
 [7.89000000e+02 1.29000000e+03 1.88592612e-03 1.58000000e+02]
 [9.54000000e+02 1.33600000e+03 2.89658108e-03 1.59000000e+02]
 [6.82000000e+02 4.59000000e+02 2.40424066e-03 1.60000000e+02]
 [4.53000000e+02 6.25000000e+02 1.32043415e-03 1.61000000e+02]
 [7.66000000e+02 7.97000000e+02 4.52039903e-03 1.62000000e+02]
 [5.41000000e+02 8.31000000e+02 1.33347837e-03 1.63000000e+02]
 [7.08000000e+02 8.80000000e+02 6.07501715e-03 1.64000000e+02]
 [8.64000000e+02 8.85000000e+02 3.69241741e-03 1.65000000e+02]
 [5.52000000e+02 1.13100000e+03 5.40057011e-03 1.66000000e+02]
 [7.93000000e+02 1.20100000e+03 8.10097039e-01 1.67000000e+02]
 [1.01900000e+03 1.21900000e+03 5.92146581e-03 1.68000000e+02]
 [5.51000000e+02 1.26100000e+03 2.03176425e-03 1.69000000e+02]
 [8.07000000e+02 1.53000000e+03 2.51974235e-03 1.70000000e+02]
 [1.03600000e+03 4.96000000e+02 1.39380980e-03 1.71000000e+02]
 [7.05000000e+02 5.00000000e+02 4.75731850e-01 1.72000000e+02]
 [1.03500000e+03 6.21000000e+02 1.73467177e-03 1.73000000e+02]
 [1.07900000e+03 6.26000000e+02 1.59756606e-03 1.74000000e+02]
 [9.84000000e+02 7.26000000e+02 1.50748622e-03 1.75000000e+02]
 [9.85000000e+02 7.27000000e+02 1.50779751e-03 1.76000000e+02]
 [5.06000000e+02 7.44000000e+02 1.08802586e-03 1.77000000e+02]
 [1.06500000e+03 7.73000000e+02 1.46983599e-03 1.78000000e+02]
 [7.79000000e+02 7.82000000e+02 5.67622157e-03 1.79000000e+02]
 [7.08000000e+02 8.74000000e+02 2.02776422e-03 1.80000000e+02]
 [6.22000000e+02 9.73000000e+02 1.29080389e-03 1.81000000e+02]
 [5.34000000e+02 1.12800000e+03 4.79796622e-03 1.82000000e+02]
 [4.56000000e+02 1.20800000e+03 1.03074191e-02 1.83000000e+02]
 [7.90000000e+02 1.21000000e+03 1.15935307e-03 1.84000000e+02]
 [1.03300000e+03 4.85000000e+02 1.93571334e-03 1.85000000e+02]
 [7.20000000e+02 4.88000000e+02 3.28607440e-01 1.86000000e+02]
 [4.60000000e+02 6.06000000e+02 1.19000778e-03 1.87000000e+02]
 [4.59000000e+02 6.08000000e+02 1.18804909e-03 1.88000000e+02]
 [1.03400000e+03 6.14000000e+02 2.26517022e-03 1.89000000e+02]
 [1.07900000e+03 6.21000000e+02 2.08471087e-03 1.90000000e+02]
 [1.06500000e+03 7.80000000e+02 1.91470038e-03 1.91000000e+02]
 [5.53000000e+02 7.90000000e+02 1.69337576e-03 1.92000000e+02]
 [4.46000000e+02 9.02000000e+02 1.69402757e-03 1.93000000e+02]
 [7.31000000e+02 2.17000000e+02 1.11186632e-03 1.94000000e+02]
 [9.46000000e+02 4.67000000e+02 3.36387078e-03 1.95000000e+02]
 [6.76000000e+02 4.90000000e+02 6.03960335e-01 1.96000000e+02]
 [9.36000000e+02 6.30000000e+02 2.66258093e-03 1.97000000e+02]
 [9.35000000e+02 6.32000000e+02 2.66215950e-03 1.98000000e+02]
 [9.34000000e+02 6.33000000e+02 2.66085449e-03 1.99000000e+02]
 [9.33000000e+02 6.34000000e+02 2.65892339e-03 2.00000000e+02]
 [1.07900000e+03 6.67000000e+02 1.10062945e-03 2.01000000e+02]
 [1.07900000e+03 7.58000000e+02 1.11898105e-03 2.02000000e+02]
 [7.08000000e+02 9.56000000e+02 3.66242928e-03 2.03000000e+02]
 [7.93000000e+02 1.12000000e+03 2.06572306e-03 2.04000000e+02]
 [5.40000000e+02 1.21000000e+03 5.98169863e-03 2.05000000e+02]
 [4.65000000e+02 4.12000000e+02 1.23713189e-03 2.06000000e+02]
 [7.58000000e+02 4.84000000e+02 1.29272550e-01 2.07000000e+02]
 [7.09000000e+02 9.56000000e+02 2.14621751e-03 2.08000000e+02]
 [7.93000000e+02 1.11300000e+03 1.26296759e-03 2.09000000e+02]]