[[2.52000000e+02 4.40000000e+02 8.97586465e-01 0.00000000e+00]
 [3.19000000e+02 4.74000000e+02 9.92911756e-01 1.00000000e+00]
 [2.44000000e+02 4.90000000e+02 9.35819328e-01 2.00000000e+00]
 [2.25000000e+02 6.12000000e+02 1.00770140e+00 3.00000000e+00]
 [0.00000000e+00 6.28000000e+02 4.76248294e-01 4.00000000e+00]
 [9.20000000e+01 6.30000000e+02 8.10442924e-01 5.00000000e+00]
 [4.06000000e+02 4.60000000e+02 8.93558264e-01 6.00000000e+00]
 [5.22000000e+02 5.32000000e+02 9.48630691e-01 7.00000000e+00]
 [4.35000000e+02 6.21000000e+02 9.25975263e-01 8.00000000e+00]
 [3.39000000e+02 6.78000000e+02 8.87149513e-01 9.00000000e+00]
 [2.92000000e+02 8.17000000e+02 9.64306712e-01 1.00000000e+01]
 [2.49000000e+02 9.76000000e+02 9.46569741e-01 1.10000000e+01]
 [4.42000000e+02 6.56000000e+02 8.00703526e-01 1.20000000e+01]
 [4.92000000e+02 8.17000000e+02 9.37302887e-01 1.30000000e+01]
 [5.45000000e+02 9.71000000e+02 9.37467873e-01 1.40000000e+01]
 [2.36000000e+02 4.24000000e+02 8.24894428e-01 1.50000000e+01]
 [2.66000000e+02 4.17000000e+02 9.18900073e-01 1.60000000e+01]
 [3.14000000e+02 3.91000000e+02 8.81404340e-01 1.70000000e+01]]