[[6.38000000e+02 5.31000000e+02 6.69327676e-01 0.00000000e+00]
 [6.45000000e+02 5.91000000e+02 9.06139374e-01 1.00000000e+00]
 [5.59000000e+02 5.92000000e+02 9.07790065e-01 2.00000000e+00]
 [5.29000000e+02 7.05000000e+02 8.49461973e-01 3.00000000e+00]
 [5.96000000e+02 7.78000000e+02 6.46331191e-01 4.00000000e+00]
 [7.30000000e+02 5.84000000e+02 8.60127270e-01 5.00000000e+00]
 [7.69000000e+02 7.00000000e+02 8.47285450e-01 6.00000000e+00]
 [7.42000000e+02 7.84000000e+02 9.23869133e-01 7.00000000e+00]
 [5.70000000e+02 8.48000000e+02 9.44715321e-01 8.00000000e+00]
 [5.27000000e+02 1.03200000e+03 9.07504380e-01 9.00000000e+00]
 [4.62000000e+02 1.20000000e+03 8.00615311e-01 1.00000000e+01]
 [7.00000000e+02 8.47000000e+02 9.16857362e-01 1.10000000e+01]
 [7.82000000e+02 1.01100000e+03 8.60836864e-01 1.20000000e+01]
 [8.30000000e+02 1.15100000e+03 7.03357875e-01 1.30000000e+01]
 [6.25000000e+02 5.09000000e+02 6.28702998e-01 1.40000000e+01]
 [6.54000000e+02 5.04000000e+02 6.57159805e-01 1.50000000e+01]
 [6.87000000e+02 4.84000000e+02 6.22298539e-01 1.60000000e+01]]