[[2.40000000e+02 4.02000000e+02 9.05200601e-01 0.00000000e+00]
 [2.80000000e+02 4.68000000e+02 9.46104646e-01 1.00000000e+00]
 [2.00000000e+02 4.87000000e+02 9.42508221e-01 2.00000000e+00]
 [2.05000000e+02 6.19000000e+02 1.02086425e+00 3.00000000e+00]
 [8.30000000e+01 6.43000000e+02 8.24836135e-01 4.00000000e+00]
 [0.00000000e+00 6.46000000e+02 5.83732724e-01 5.00000000e+00]
 [3.58000000e+02 4.37000000e+02 9.37819064e-01 6.00000000e+00]
 [4.69000000e+02 5.31000000e+02 9.95545864e-01 7.00000000e+00]
 [3.98000000e+02 6.27000000e+02 8.98489892e-01 8.00000000e+00]
 [2.87000000e+02 6.82000000e+02 8.60388279e-01 9.00000000e+00]
 [2.52000000e+02 8.17000000e+02 9.52596426e-01 1.00000000e+01]
 [2.30000000e+02 9.75000000e+02 9.12120998e-01 1.10000000e+01]
 [3.93000000e+02 6.47000000e+02 7.95134544e-01 1.20000000e+01]
 [4.53000000e+02 8.03000000e+02 9.65157032e-01 1.30000000e+01]
 [5.26000000e+02 9.59000000e+02 9.62585211e-01 1.40000000e+01]
 [2.15000000e+02 3.86000000e+02 8.93463075e-01 1.50000000e+01]
 [2.51000000e+02 3.74000000e+02 9.35431302e-01 1.60000000e+01]
 [2.00000000e+02 4.02000000e+02 5.76171458e-01 1.70000000e+01]
 [2.85000000e+02 3.67000000e+02 8.92565846e-01 1.80000000e+01]]