[[6.50000000e+02 5.18000000e+02 7.13070929e-01 0.00000000e+00]
 [6.46000000e+02 5.75000000e+02 9.21582103e-01 1.00000000e+00]
 [5.59000000e+02 5.64000000e+02 9.36167359e-01 2.00000000e+00]
 [5.01000000e+02 6.70000000e+02 8.46470296e-01 3.00000000e+00]
 [5.33000000e+02 7.60000000e+02 6.38482571e-01 4.00000000e+00]
 [7.32000000e+02 5.84000000e+02 8.78728330e-01 5.00000000e+00]
 [7.78000000e+02 7.01000000e+02 9.07506585e-01 6.00000000e+00]
 [7.26000000e+02 7.80000000e+02 9.27856743e-01 7.00000000e+00]
 [5.60000000e+02 8.33000000e+02 9.21910405e-01 8.00000000e+00]
 [5.28000000e+02 1.02400000e+03 9.64130878e-01 9.00000000e+00]
 [4.64000000e+02 1.19900000e+03 8.50757897e-01 1.00000000e+01]
 [6.93000000e+02 8.42000000e+02 8.96980047e-01 1.10000000e+01]
 [7.76000000e+02 1.00400000e+03 8.75257015e-01 1.20000000e+01]
 [8.00000000e+02 1.16600000e+03 7.54880726e-01 1.30000000e+01]
 [6.37000000e+02 4.93000000e+02 6.74339831e-01 1.40000000e+01]
 [6.64000000e+02 4.93000000e+02 7.02979028e-01 1.50000000e+01]
 [6.93000000e+02 4.80000000e+02 6.80334747e-01 1.60000000e+01]]