[[3.75000000e+02 4.81000000e+02 2.28048931e-03 0.00000000e+00]
 [6.58000000e+02 4.94000000e+02 8.66315544e-01 1.00000000e+00]
 [9.50000000e+02 5.48000000e+02 1.62050908e-03 2.00000000e+00]
 [1.06500000e+03 6.16000000e+02 1.79556012e-03 3.00000000e+00]
 [9.87000000e+02 6.51000000e+02 1.72635505e-03 4.00000000e+00]
 [4.48000000e+02 8.64000000e+02 1.01862615e-03 5.00000000e+00]
 [7.08000000e+02 8.77000000e+02 1.01295137e-03 6.00000000e+00]
 [5.49000000e+02 1.04400000e+03 2.23531597e-03 7.00000000e+00]
 [7.83000000e+02 1.06400000e+03 1.81803014e-03 8.00000000e+00]
 [4.41000000e+02 1.21000000e+03 1.31406635e-03 9.00000000e+00]
 [6.28000000e+02 2.96000000e+02 1.48675370e-03 1.00000000e+01]
 [4.31000000e+02 3.48000000e+02 1.46674493e-03 1.10000000e+01]
 [6.40000000e+02 5.69000000e+02 9.48654473e-01 1.20000000e+01]
 [8.52000000e+02 5.72000000e+02 1.18312249e-02 1.30000000e+01]
 [3.79000000e+02 6.11000000e+02 1.30513601e-03 1.40000000e+01]
 [7.90000000e+02 8.71000000e+02 1.12897076e-03 1.50000000e+01]
 [6.15000000e+02 8.76000000e+02 2.67712306e-03 1.60000000e+01]
 [5.39000000e+02 9.58000000e+02 3.17293452e-03 1.70000000e+01]
 [7.25000000e+02 9.60000000e+02 1.65316265e-03 1.80000000e+01]
 [7.89000000e+02 1.40000000e+01 1.41417980e-03 1.90000000e+01]
 [5.62000000e+02 2.96000000e+02 1.37880153e-03 2.00000000e+01]
 [5.55000000e+02 2.97000000e+02 1.34403177e-03 2.10000000e+01]
 [7.77000000e+02 4.01000000e+02 3.54902796e-03 2.20000000e+01]
 [2.99000000e+02 5.42000000e+02 1.92195340e-03 2.30000000e+01]
 [5.53000000e+02 5.65000000e+02 9.76379752e-01 2.40000000e+01]
 [9.43000000e+02 5.82000000e+02 4.82674222e-03 2.50000000e+01]
 [7.69000000e+02 5.89000000e+02 2.52981372e-02 2.60000000e+01]
 [8.66000000e+02 6.15000000e+02 6.24884525e-03 2.70000000e+01]
 [3.57000000e+02 8.16000000e+02 1.31762004e-03 2.80000000e+01]
 [4.45000000e+02 8.76000000e+02 1.52353989e-03 2.90000000e+01]
 [5.22000000e+02 9.58000000e+02 1.74037390e-03 3.00000000e+01]
 [7.57000000e+02 9.65000000e+02 2.95385392e-03 3.10000000e+01]
 [6.23000000e+02 3.84000000e+02 1.79608096e-03 3.20000000e+01]
 [3.09000000e+02 5.61000000e+02 2.00849492e-03 3.30000000e+01]
 [1.06500000e+03 6.24000000e+02 3.07241827e-03 3.40000000e+01]
 [8.65000000e+02 6.34000000e+02 5.37928659e-03 3.50000000e+01]
 [5.68000000e+02 6.85000000e+02 8.04654837e-01 3.60000000e+01]
 [3.01000000e+02 6.88000000e+02 3.74472374e-03 3.70000000e+01]
 [7.89000000e+02 9.60000000e+02 1.96479191e-03 3.80000000e+01]
 [6.28000000e+02 1.21000000e+03 1.01666455e-03 3.90000000e+01]
 [8.10000000e+02 1.23000000e+03 1.04436046e-03 4.00000000e+01]
 [1.40000000e+01 1.40000000e+01 1.03769952e-03 4.10000000e+01]
 [6.75000000e+02 6.18000000e+02 7.44487643e-01 4.20000000e+01]
 [1.06500000e+03 6.25000000e+02 1.73421425e-03 4.30000000e+01]
 [9.50000000e+02 7.11000000e+02 2.20370525e-03 4.40000000e+01]
 [3.84000000e+02 7.72000000e+02 4.64564748e-03 4.50000000e+01]
 [6.22000000e+02 1.13700000e+03 3.42256529e-03 4.60000000e+01]
 [6.23000000e+02 1.13800000e+03 3.42272664e-03 4.70000000e+01]
 [7.90000000e+02 1.13800000e+03 3.20415921e-03 4.80000000e+01]
 [3.50000000e+02 1.20800000e+03 1.46435678e-03 4.90000000e+01]
 [5.39000000e+02 1.37600000e+03 3.38786957e-03 5.00000000e+01]
 [3.82000000e+02 1.37800000e+03 1.61913875e-03 5.10000000e+01]
 [7.89000000e+02 1.40000000e+01 1.37849175e-03 5.20000000e+01]
 [7.62000000e+02 2.99000000e+02 1.44505978e-03 5.30000000e+01]
 [3.75000000e+02 4.61000000e+02 1.66734180e-03 5.40000000e+01]
 [7.25000000e+02 5.72000000e+02 9.17184889e-01 5.50000000e+01]
 [4.62000000e+02 6.23000000e+02 6.76031876e-03 5.60000000e+01]
 [3.95000000e+02 6.27000000e+02 1.93761650e-03 5.70000000e+01]
 [9.76000000e+02 8.23000000e+02 1.12427108e-03 5.80000000e+01]
 [7.75000000e+02 9.68000000e+02 2.31371727e-03 5.90000000e+01]
 [6.25000000e+02 1.19400000e+03 1.29748730e-03 6.00000000e+01]
 [6.23000000e+02 3.74000000e+02 1.62050722e-03 6.10000000e+01]
 [5.43000000e+02 4.71000000e+02 3.36363562e-03 6.20000000e+01]
 [3.72000000e+02 5.29000000e+02 3.89509276e-03 6.30000000e+01]
 [1.03400000e+03 6.34000000e+02 1.71926059e-03 6.40000000e+01]
 [7.57000000e+02 6.99000000e+02 8.10722291e-01 6.50000000e+01]
 [5.57000000e+02 7.17000000e+02 7.33811734e-03 6.60000000e+01]
 [6.22000000e+02 1.05200000e+03 1.87417131e-03 6.70000000e+01]
 [9.54000000e+02 1.12200000e+03 1.11436192e-03 6.80000000e+01]
 [6.27000000e+02 1.20400000e+03 1.82114565e-03 6.90000000e+01]
 [4.58000000e+02 1.21200000e+03 1.71512668e-03 7.00000000e+01]
 [8.80000000e+02 1.21200000e+03 1.06373697e-03 7.10000000e+01]
 [1.40000000e+01 1.40000000e+01 1.33257930e-03 7.20000000e+01]
 [6.23000000e+02 3.86000000e+02 4.72812681e-03 7.30000000e+01]
 [3.69000000e+02 4.63000000e+02 1.09678740e-03 7.40000000e+01]
 [4.68000000e+02 6.77000000e+02 3.25338542e-03 7.50000000e+01]
 [1.07900000e+03 7.10000000e+02 2.62350682e-03 7.60000000e+01]
 [1.03400000e+03 7.20000000e+02 4.02661180e-03 7.70000000e+01]
 [7.66000000e+02 7.58000000e+02 6.02811456e-01 7.80000000e+01]
 [4.57000000e+02 8.69000000e+02 2.80198548e-03 7.90000000e+01]
 [9.47000000e+02 1.03300000e+03 5.55563811e-03 8.00000000e+01]
 [6.24000000e+02 1.12200000e+03 3.34387785e-03 8.10000000e+01]
 [9.58000000e+02 1.28100000e+03 1.66148855e-03 8.20000000e+01]
 [1.06500000e+03 1.40000000e+01 2.49175867e-03 8.30000000e+01]
 [7.16000000e+02 5.18000000e+02 3.19960760e-03 8.40000000e+01]
 [8.10000000e+02 6.16000000e+02 3.74675309e-03 8.50000000e+01]
 [5.57000000e+02 8.35000000e+02 9.63719547e-01 8.60000000e+01]
 [9.67000000e+02 1.40000000e+01 1.07309292e-03 8.70000000e+01]
 [6.26000000e+02 3.67000000e+02 1.01327430e-03 8.80000000e+01]
 [7.13000000e+02 5.52000000e+02 7.85102695e-03 8.90000000e+01]
 [1.06500000e+03 5.97000000e+02 1.00966718e-03 9.00000000e+01]
 [4.41000000e+02 7.10000000e+02 4.57808981e-03 9.10000000e+01]
 [7.06000000e+02 7.11000000e+02 3.45799420e-03 9.20000000e+01]
 [8.52000000e+02 7.90000000e+02 1.34030916e-03 9.30000000e+01]
 [9.56000000e+02 9.65000000e+02 3.20998696e-03 9.40000000e+01]
 [5.19000000e+02 1.02900000e+03 9.08215225e-01 9.50000000e+01]
 [5.40000000e+02 1.28500000e+03 2.91449088e-03 9.60000000e+01]
 [1.06500000e+03 1.90500000e+03 1.24915573e-03 9.70000000e+01]
 [7.77000000e+02 5.45000000e+02 9.40099731e-03 9.80000000e+01]
 [7.05000000e+02 7.92000000e+02 4.32717381e-03 9.90000000e+01]
 [4.47000000e+02 8.03000000e+02 3.34969116e-03 1.00000000e+02]
 [6.28000000e+02 8.79000000e+02 4.54263389e-03 1.01000000e+02]
 [3.82000000e+02 8.83000000e+02 5.07335830e-03 1.02000000e+02]
 [9.62000000e+02 9.08000000e+02 1.16796477e-03 1.03000000e+02]
 [9.51000000e+02 1.13600000e+03 6.86414633e-03 1.04000000e+02]
 [7.79000000e+02 1.15800000e+03 2.29536947e-02 1.05000000e+02]
 [4.63000000e+02 1.20800000e+03 8.75791967e-01 1.06000000e+02]
 [2.22000000e+02 1.26100000e+03 3.29180341e-03 1.07000000e+02]
 [2.23000000e+02 1.26500000e+03 3.31392628e-03 1.08000000e+02]
 [2.24000000e+02 1.27100000e+03 3.33230849e-03 1.09000000e+02]
 [1.06500000e+03 1.90500000e+03 1.30303309e-03 1.10000000e+02]
 [1.40000000e+01 1.40000000e+01 1.19078672e-03 1.11000000e+02]
 [1.06500000e+03 1.40000000e+01 1.47959625e-03 1.12000000e+02]
 [5.42000000e+02 4.88000000e+02 1.26384059e-03 1.13000000e+02]
 [7.15000000e+02 5.44000000e+02 7.83987530e-03 1.14000000e+02]
 [8.79000000e+02 6.03000000e+02 2.01590266e-03 1.15000000e+02]
 [8.78000000e+02 6.04000000e+02 2.01634481e-03 1.16000000e+02]
 [3.74000000e+02 7.09000000e+02 1.79519725e-03 1.17000000e+02]
 [4.79000000e+02 8.13000000e+02 9.35948640e-03 1.18000000e+02]
 [4.78000000e+02 8.14000000e+02 9.41201579e-03 1.19000000e+02]
 [9.45000000e+02 8.25000000e+02 2.83516711e-03 1.20000000e+02]
 [6.93000000e+02 8.37000000e+02 9.29858327e-01 1.21000000e+02]
 [8.94000000e+02 1.06700000e+03 1.66786986e-03 1.22000000e+02]
 [4.85000000e+02 1.11400000e+03 2.63527315e-03 1.23000000e+02]
 [6.04000000e+02 1.12600000e+03 3.22995544e-03 1.24000000e+02]
 [8.59000000e+02 1.23400000e+03 2.13135267e-03 1.25000000e+02]
 [1.40000000e+01 1.40000000e+01 1.44568901e-03 1.26000000e+02]
 [6.87000000e+02 5.50000000e+02 7.26340059e-03 1.27000000e+02]
 [7.06000000e+02 7.10000000e+02 1.62954896e-03 1.28000000e+02]
 [7.29000000e+02 7.14000000e+02 1.58814434e-03 1.29000000e+02]
 [8.00000000e+02 7.30000000e+02 3.37179983e-03 1.30000000e+02]
 [7.99000000e+02 7.31000000e+02 3.35198222e-03 1.31000000e+02]
 [7.69000000e+02 1.00700000e+03 9.29930687e-01 1.32000000e+02]
 [1.03000000e+03 1.03200000e+03 1.61750196e-03 1.33000000e+02]
 [9.74000000e+02 1.25500000e+03 2.30469741e-03 1.34000000e+02]
 [7.86000000e+02 1.28900000e+03 2.10545189e-03 1.35000000e+02]
 [9.54000000e+02 1.33700000e+03 2.82121939e-03 1.36000000e+02]
 [9.53000000e+02 1.33900000e+03 2.81946012e-03 1.37000000e+02]
 [1.06500000e+03 1.90500000e+03 1.17314572e-03 1.38000000e+02]
 [1.40000000e+01 1.40000000e+01 1.07460946e-03 1.39000000e+02]
 [7.78000000e+02 4.60000000e+02 1.10169046e-03 1.40000000e+02]
 [6.34000000e+02 5.76000000e+02 5.92177594e-03 1.41000000e+02]
 [4.74000000e+02 7.19000000e+02 1.46871409e-03 1.42000000e+02]
 [7.61000000e+02 7.96000000e+02 5.69220353e-03 1.43000000e+02]
 [5.47000000e+02 8.12000000e+02 1.86629663e-03 1.44000000e+02]
 [7.17000000e+02 8.16000000e+02 5.34488959e-03 1.45000000e+02]
 [7.13000000e+02 8.77000000e+02 6.18568156e-03 1.46000000e+02]
 [7.15000000e+02 8.78000000e+02 6.20393315e-03 1.47000000e+02]
 [7.36000000e+02 8.83000000e+02 6.11459557e-03 1.48000000e+02]
 [5.50000000e+02 1.13900000e+03 2.32037762e-03 1.49000000e+02]
 [7.93000000e+02 1.18300000e+03 7.72042215e-01 1.50000000e+02]
 [1.01700000e+03 1.19000000e+03 6.27896097e-03 1.51000000e+02]
 [5.50000000e+02 1.25700000e+03 1.75564305e-03 1.52000000e+02]
 [5.51000000e+02 1.26400000e+03 1.72336260e-03 1.53000000e+02]
 [6.44000000e+02 2.18000000e+02 2.14702962e-03 1.54000000e+02]
 [3.82000000e+02 4.63000000e+02 2.56028818e-03 1.55000000e+02]
 [6.42000000e+02 4.72000000e+02 8.89819622e-01 1.56000000e+02]
 [1.06500000e+03 6.14000000e+02 1.40112045e-03 1.57000000e+02]
 [4.66000000e+02 8.09000000e+02 1.09738274e-03 1.58000000e+02]
 [4.57000000e+02 1.21000000e+03 1.04628056e-02 1.59000000e+02]
 [7.88000000e+02 1.21200000e+03 2.35742517e-03 1.60000000e+02]
 [6.92000000e+02 2.20000000e+02 2.72177882e-03 1.61000000e+02]
 [9.47000000e+02 4.40000000e+02 1.24351692e-03 1.62000000e+02]
 [6.82000000e+02 4.76000000e+02 8.81693423e-01 1.63000000e+02]
 [1.06500000e+03 6.10000000e+02 1.92437996e-03 1.64000000e+02]
 [4.39000000e+02 6.53000000e+02 1.12849241e-03 1.65000000e+02]
 [6.93000000e+02 6.86000000e+02 1.80649105e-02 1.66000000e+02]
 [6.94000000e+02 6.87000000e+02 1.81245618e-02 1.67000000e+02]
 [7.70000000e+02 8.76000000e+02 1.57567591e-03 1.68000000e+02]
 [4.46000000e+02 9.24000000e+02 1.36637944e-03 1.69000000e+02]
 [5.48000000e+02 1.04400000e+03 1.21444755e-03 1.70000000e+02]
 [6.26000000e+02 2.18000000e+02 1.87156128e-03 1.71000000e+02]
 [8.65000000e+02 4.45000000e+02 2.69509316e-03 1.72000000e+02]
 [6.14000000e+02 4.72000000e+02 7.84691215e-01 1.73000000e+02]
 [3.91000000e+02 4.93000000e+02 7.35598616e-03 1.74000000e+02]
 [9.56000000e+02 5.69000000e+02 1.32077141e-03 1.75000000e+02]
 [3.44000000e+02 6.49000000e+02 1.28495507e-03 1.76000000e+02]
 [9.68000000e+02 6.84000000e+02 1.35986903e-03 1.77000000e+02]
 [7.83000000e+02 7.02000000e+02 2.85512325e-03 1.78000000e+02]
 [5.55000000e+02 9.59000000e+02 1.28634251e-03 1.79000000e+02]
 [7.07000000e+02 9.61000000e+02 2.89297430e-03 1.80000000e+02]
 [7.95000000e+02 1.12300000e+03 2.31957412e-03 1.81000000e+02]
 [4.67000000e+02 4.60000000e+02 5.13099041e-03 1.82000000e+02]
 [9.43000000e+02 4.64000000e+02 2.24335282e-03 1.83000000e+02]
 [6.94000000e+02 4.67000000e+02 4.69982684e-01 1.84000000e+02]
 [3.76000000e+02 4.76000000e+02 1.33098220e-03 1.85000000e+02]
 [7.18000000e+02 9.56000000e+02 1.73503929e-03 1.86000000e+02]
 [7.94000000e+02 1.12100000e+03 1.64165872e-03 1.87000000e+02]]