[[7.29000000e+02 5.13000000e+02 7.62400925e-01 0.00000000e+00]
 [6.65000000e+02 5.70000000e+02 8.75117123e-01 1.00000000e+00]
 [6.13000000e+02 5.68000000e+02 9.25968230e-01 2.00000000e+00]
 [7.04000000e+02 6.39000000e+02 8.51126254e-01 3.00000000e+00]
 [7.97000000e+02 5.06000000e+02 8.40945542e-01 4.00000000e+00]
 [7.25000000e+02 5.74000000e+02 7.52572536e-01 5.00000000e+00]
 [5.81000000e+02 8.46000000e+02 9.31734800e-01 6.00000000e+00]
 [5.42000000e+02 1.03200000e+03 9.63011861e-01 7.00000000e+00]
 [4.62000000e+02 1.21100000e+03 9.08927083e-01 8.00000000e+00]
 [6.89000000e+02 8.40000000e+02 9.16386962e-01 9.00000000e+00]
 [7.97000000e+02 1.00700000e+03 8.81717384e-01 1.00000000e+01]
 [8.11000000e+02 1.18100000e+03 7.02553630e-01 1.10000000e+01]
 [7.13000000e+02 4.89000000e+02 7.27605760e-01 1.20000000e+01]
 [6.62000000e+02 4.80000000e+02 7.57715702e-01 1.30000000e+01]]