[[1.40000000e+01 2.01000000e+02 1.62535242e-03 0.00000000e+00]
 [8.55000000e+02 4.86000000e+02 9.10829660e-03 1.00000000e+00]
 [8.54000000e+02 4.88000000e+02 9.12647508e-03 2.00000000e+00]
 [3.80000000e+02 5.10000000e+02 3.87428747e-03 3.00000000e+00]
 [6.32000000e+02 5.20000000e+02 8.81938100e-01 4.00000000e+00]
 [9.51000000e+02 6.36000000e+02 1.32230902e-03 5.00000000e+00]
 [9.50000000e+02 6.37000000e+02 1.32162799e-03 6.00000000e+00]
 [9.46000000e+02 6.42000000e+02 1.31847593e-03 7.00000000e+00]
 [9.45000000e+02 6.43000000e+02 1.31876511e-03 8.00000000e+00]
 [9.44000000e+02 6.44000000e+02 1.31907791e-03 9.00000000e+00]
 [9.43000000e+02 6.45000000e+02 1.31925941e-03 1.00000000e+01]
 [9.21000000e+02 6.56000000e+02 1.35010132e-03 1.10000000e+01]
 [5.18000000e+02 7.90000000e+02 1.78996800e-03 1.20000000e+01]
 [7.89000000e+02 7.95000000e+02 3.16905766e-03 1.30000000e+01]
 [4.59000000e+02 8.22000000e+02 1.32970361e-03 1.40000000e+01]
 [4.58000000e+02 8.23000000e+02 1.33072038e-03 1.50000000e+01]
 [5.51000000e+02 1.04300000e+03 1.36486650e-03 1.60000000e+01]
 [8.59000000e+02 1.04300000e+03 4.08622483e-03 1.70000000e+01]
 [7.45000000e+02 1.04500000e+03 2.34211166e-03 1.80000000e+01]
 [4.46000000e+02 1.21000000e+03 1.16737222e-03 1.90000000e+01]
 [4.30000000e+02 3.50000000e+02 1.26545108e-03 2.00000000e+01]
 [6.27000000e+02 5.85000000e+02 9.48998570e-01 2.10000000e+01]
 [3.82000000e+02 5.92000000e+02 3.61131132e-03 2.20000000e+01]
 [8.61000000e+02 6.27000000e+02 6.99182460e-03 2.30000000e+01]
 [8.57000000e+02 6.63000000e+02 6.67235674e-03 2.40000000e+01]
 [4.64000000e+02 8.75000000e+02 1.06955494e-03 2.50000000e+01]
 [4.65000000e+02 8.76000000e+02 1.06445758e-03 2.60000000e+01]
 [6.18000000e+02 8.76000000e+02 2.53149099e-03 2.70000000e+01]
 [5.39000000e+02 9.59000000e+02 2.74073286e-03 2.80000000e+01]
 [7.44000000e+02 9.62000000e+02 1.89050625e-03 2.90000000e+01]
 [7.77000000e+02 1.40000000e+01 2.47332593e-03 3.00000000e+01]
 [5.41000000e+02 1.22000000e+02 1.19745010e-03 3.10000000e+01]
 [7.81000000e+02 3.78000000e+02 2.62613478e-03 3.20000000e+01]
 [5.42000000e+02 5.83000000e+02 9.48689580e-01 3.30000000e+01]
 [7.78000000e+02 5.90000000e+02 1.66904386e-02 3.40000000e+01]
 [8.64000000e+02 5.99000000e+02 3.82391387e-03 3.50000000e+01]
 [3.01000000e+02 6.04000000e+02 3.48191499e-03 3.60000000e+01]
 [9.33000000e+02 6.04000000e+02 1.98219414e-03 3.70000000e+01]
 [4.14000000e+02 8.68000000e+02 2.23811297e-03 3.80000000e+01]
 [7.49000000e+02 9.73000000e+02 3.70372040e-03 3.90000000e+01]
 [5.37000000e+02 9.81000000e+02 2.31553987e-03 4.00000000e+01]
 [4.66000000e+02 3.78000000e+02 2.90460512e-03 4.10000000e+01]
 [5.02000000e+02 3.82000000e+02 2.79034162e-03 4.20000000e+01]
 [5.11000000e+02 3.83000000e+02 2.80045951e-03 4.30000000e+01]
 [7.89000000e+02 6.17000000e+02 3.46645154e-03 4.40000000e+01]
 [9.45000000e+02 6.37000000e+02 2.27946765e-03 4.50000000e+01]
 [6.87000000e+02 6.41000000e+02 9.62709915e-03 4.60000000e+01]
 [4.65000000e+02 6.86000000e+02 9.38136935e-01 4.70000000e+01]
 [2.18000000e+02 6.98000000e+02 2.94551393e-03 4.80000000e+01]
 [6.89000000e+02 7.80000000e+02 1.31479278e-02 4.90000000e+01]
 [7.74000000e+02 7.94000000e+02 5.11661638e-03 5.00000000e+01]
 [7.89000000e+02 9.60000000e+02 2.55905720e-03 5.10000000e+01]
 [8.72000000e+02 1.13600000e+03 1.72332150e-03 5.20000000e+01]
 [1.40000000e+01 1.40000000e+01 1.53644849e-03 5.30000000e+01]
 [7.80000000e+02 5.98000000e+02 3.14075709e-03 5.40000000e+01]
 [5.37000000e+02 6.11000000e+02 6.48710847e-01 5.50000000e+01]
 [1.07900000e+03 7.11000000e+02 1.66609895e-03 5.60000000e+01]
 [9.63000000e+02 7.62000000e+02 2.86358502e-03 5.70000000e+01]
 [7.90000000e+02 8.76000000e+02 1.75949442e-03 5.80000000e+01]
 [5.40000000e+02 1.02900000e+03 2.49291724e-03 5.90000000e+01]
 [7.94000000e+02 1.14900000e+03 2.60069803e-03 6.00000000e+01]
 [6.11000000e+02 1.15700000e+03 2.70735403e-03 6.10000000e+01]
 [5.70000000e+02 1.20000000e+03 2.76174559e-03 6.20000000e+01]
 [5.69000000e+02 1.20100000e+03 2.76168576e-03 6.30000000e+01]
 [2.97000000e+02 1.23300000e+03 3.06344964e-03 6.40000000e+01]
 [6.03000000e+02 1.35500000e+03 1.09640078e-03 6.50000000e+01]
 [4.37000000e+02 1.37800000e+03 2.42238957e-03 6.60000000e+01]
 [7.78000000e+02 1.40000000e+01 2.56972481e-03 6.70000000e+01]
 [5.40000000e+02 1.23000000e+02 1.32880197e-03 6.80000000e+01]
 [3.77000000e+02 4.51000000e+02 1.27769168e-03 6.90000000e+01]
 [7.10000000e+02 5.82000000e+02 9.10212278e-01 7.00000000e+01]
 [4.69000000e+02 6.18000000e+02 1.60396490e-02 7.10000000e+01]
 [3.92000000e+02 7.09000000e+02 3.30004375e-03 7.20000000e+01]
 [7.77000000e+02 1.00300000e+03 3.44774430e-03 7.30000000e+01]
 [5.38000000e+02 1.02800000e+03 3.47185205e-03 7.40000000e+01]
 [6.26000000e+02 1.17100000e+03 1.27009826e-03 7.50000000e+01]
 [4.56000000e+02 1.22800000e+03 1.03202823e-03 7.60000000e+01]
 [1.40000000e+01 1.40000000e+01 1.17104559e-03 7.70000000e+01]
 [5.84000000e+02 4.38000000e+02 1.58612628e-03 7.80000000e+01]
 [5.71000000e+02 4.48000000e+02 1.53256534e-03 7.90000000e+01]
 [5.42000000e+02 5.60000000e+02 6.96179410e-03 8.00000000e+01]
 [5.43000000e+02 5.62000000e+02 6.97242189e-03 8.10000000e+01]
 [7.68000000e+02 6.75000000e+02 8.54374826e-01 8.20000000e+01]
 [5.61000000e+02 7.09000000e+02 1.49759101e-02 8.30000000e+01]
 [3.73000000e+02 7.50000000e+02 3.18664755e-03 8.40000000e+01]
 [7.93000000e+02 9.45000000e+02 5.92677249e-03 8.50000000e+01]
 [6.25000000e+02 1.18500000e+03 1.69715926e-03 8.60000000e+01]
 [4.57000000e+02 1.21100000e+03 2.44522537e-03 8.70000000e+01]
 [1.40000000e+01 1.40000000e+01 1.88178255e-03 8.80000000e+01]
 [1.40000000e+01 1.99000000e+02 1.09322346e-03 8.90000000e+01]
 [8.66000000e+02 4.59000000e+02 2.94757728e-03 9.00000000e+01]
 [3.73000000e+02 5.52000000e+02 1.46209833e-03 9.10000000e+01]
 [5.52000000e+02 7.07000000e+02 1.43726068e-02 9.20000000e+01]
 [1.03400000e+03 7.18000000e+02 1.96545664e-03 9.30000000e+01]
 [7.69000000e+02 7.63000000e+02 8.30049634e-01 9.40000000e+01]
 [3.80000000e+02 7.72000000e+02 3.93640250e-03 9.50000000e+01]
 [8.96000000e+02 1.02600000e+03 4.29172255e-03 9.60000000e+01]
 [9.55000000e+02 1.10500000e+03 4.20989236e-03 9.70000000e+01]
 [6.23000000e+02 1.13300000e+03 5.47099300e-03 9.80000000e+01]
 [1.40000000e+01 1.40000000e+01 1.75034907e-03 9.90000000e+01]
 [5.34000000e+02 4.64000000e+02 1.19504891e-03 1.00000000e+02]
 [8.12000000e+02 6.24000000e+02 1.92765566e-03 1.01000000e+02]
 [8.11000000e+02 6.25000000e+02 1.92784949e-03 1.02000000e+02]
 [8.09000000e+02 6.28000000e+02 1.92621129e-03 1.03000000e+02]
 [3.00000000e+02 8.04000000e+02 1.65178487e-03 1.04000000e+02]
 [7.70000000e+02 8.21000000e+02 2.17268467e-02 1.05000000e+02]
 [5.54000000e+02 8.43000000e+02 9.42696631e-01 1.06000000e+02]
 [8.80000000e+02 1.12900000e+03 1.06142706e-03 1.07000000e+02]
 [6.23000000e+02 1.13000000e+03 1.19004981e-03 1.08000000e+02]
 [6.23000000e+02 1.13300000e+03 1.22553401e-03 1.09000000e+02]
 [7.29000000e+02 5.41000000e+02 3.15840309e-03 1.10000000e+02]
 [3.73000000e+02 5.44000000e+02 3.27376509e-03 1.11000000e+02]
 [5.40000000e+02 6.27000000e+02 2.33544828e-03 1.12000000e+02]
 [6.13000000e+02 7.07000000e+02 2.14710413e-03 1.13000000e+02]
 [3.73000000e+02 7.12000000e+02 4.62319516e-03 1.14000000e+02]
 [7.76000000e+02 9.57000000e+02 1.90739986e-03 1.15000000e+02]
 [9.46000000e+02 9.74000000e+02 3.25194420e-03 1.16000000e+02]
 [3.08000000e+02 9.99000000e+02 7.08968099e-03 1.17000000e+02]
 [3.07000000e+02 1.00000000e+03 7.07588578e-03 1.18000000e+02]
 [5.21000000e+02 1.01800000e+03 9.04717326e-01 1.19000000e+02]
 [5.49000000e+02 1.28600000e+03 1.53707492e-03 1.20000000e+02]
 [4.42000000e+02 1.37900000e+03 1.05815125e-03 1.21000000e+02]
 [1.14000000e+02 1.40000000e+01 1.23037747e-03 1.22000000e+02]
 [5.39000000e+02 5.42000000e+02 1.14661455e-03 1.23000000e+02]
 [7.15000000e+02 5.42000000e+02 4.68472810e-03 1.24000000e+02]
 [6.20000000e+02 6.95000000e+02 4.57041664e-03 1.25000000e+02]
 [8.10000000e+02 7.00000000e+02 1.23043777e-03 1.26000000e+02]
 [4.57000000e+02 7.42000000e+02 4.37482633e-03 1.27000000e+02]
 [7.05000000e+02 8.01000000e+02 2.78649689e-03 1.28000000e+02]
 [6.25000000e+02 8.79000000e+02 5.46981487e-03 1.29000000e+02]
 [3.83000000e+02 8.81000000e+02 8.54880456e-03 1.30000000e+02]
 [9.58000000e+02 8.92000000e+02 1.18594104e-03 1.31000000e+02]
 [6.99000000e+02 1.06000000e+03 3.02062798e-02 1.32000000e+02]
 [9.55000000e+02 1.13300000e+03 8.07141233e-03 1.33000000e+02]
 [7.78000000e+02 1.16600000e+03 2.24434696e-02 1.34000000e+02]
 [6.92000000e+02 1.19700000e+03 3.11972238e-02 1.35000000e+02]
 [4.60000000e+02 1.20500000e+03 8.94826710e-01 1.36000000e+02]
 [2.19000000e+02 1.22300000e+03 3.54745169e-03 1.37000000e+02]
 [9.24000000e+02 1.28500000e+03 2.93933577e-03 1.38000000e+02]
 [9.23000000e+02 1.28600000e+03 2.93776952e-03 1.39000000e+02]
 [3.94000000e+02 1.44400000e+03 5.16930269e-03 1.40000000e+02]
 [3.97000000e+02 1.44500000e+03 5.13638416e-03 1.41000000e+02]
 [1.40000000e+01 1.40000000e+01 1.99058023e-03 1.42000000e+02]
 [5.40000000e+02 4.91000000e+02 1.86174456e-03 1.43000000e+02]
 [7.15000000e+02 5.40000000e+02 3.13490559e-03 1.44000000e+02]
 [5.42000000e+02 5.45000000e+02 2.13970104e-03 1.45000000e+02]
 [5.16000000e+02 5.68000000e+02 1.86077948e-03 1.46000000e+02]
 [8.96000000e+02 6.08000000e+02 1.59071269e-03 1.47000000e+02]
 [8.76000000e+02 6.26000000e+02 1.33317255e-03 1.48000000e+02]
 [3.76000000e+02 7.61000000e+02 5.40888449e-03 1.49000000e+02]
 [9.48000000e+02 8.09000000e+02 1.46387215e-03 1.50000000e+02]
 [6.87000000e+02 8.35000000e+02 9.11549687e-01 1.51000000e+02]
 [4.71000000e+02 1.03500000e+03 1.13942381e-03 1.52000000e+02]
 [8.95000000e+02 1.06500000e+03 1.34834589e-03 1.53000000e+02]
 [5.97000000e+02 1.12500000e+03 3.56651796e-03 1.54000000e+02]
 [8.13000000e+02 1.21300000e+03 1.88811414e-03 1.55000000e+02]
 [8.14000000e+02 1.21400000e+03 1.88770203e-03 1.56000000e+02]
 [1.40000000e+01 1.40000000e+01 2.43687769e-03 1.57000000e+02]
 [3.73000000e+02 5.42000000e+02 2.98141502e-03 1.58000000e+02]
 [5.39000000e+02 5.66000000e+02 5.89154009e-03 1.59000000e+02]
 [7.28000000e+02 5.69000000e+02 5.12007996e-03 1.60000000e+02]
 [6.22000000e+02 7.07000000e+02 1.36488839e-03 1.61000000e+02]
 [8.72000000e+02 7.09000000e+02 1.81609229e-03 1.62000000e+02]
 [4.55000000e+02 7.17000000e+02 2.31048698e-03 1.63000000e+02]
 [4.47000000e+02 8.66000000e+02 1.87951466e-03 1.64000000e+02]
 [7.50000000e+02 1.00200000e+03 9.18169916e-01 1.65000000e+02]
 [2.91000000e+02 1.15200000e+03 1.02970761e-03 1.66000000e+02]
 [4.55000000e+02 1.21000000e+03 2.75164912e-03 1.67000000e+02]
 [9.48000000e+02 1.33300000e+03 2.56070262e-03 1.68000000e+02]
 [8.22000000e+02 1.38500000e+03 2.14200281e-03 1.69000000e+02]
 [0.00000000e+00 1.40000000e+01 1.79982930e-03 1.70000000e+02]
 [9.80000000e+01 1.40000000e+01 2.04446097e-03 1.71000000e+02]
 [4.55000000e+02 4.38000000e+02 1.36240479e-03 1.72000000e+02]
 [6.25000000e+02 4.99000000e+02 3.20159830e-03 1.73000000e+02]
 [5.15000000e+02 6.27000000e+02 1.78403442e-03 1.74000000e+02]
 [5.14000000e+02 6.28000000e+02 1.78306492e-03 1.75000000e+02]
 [5.12000000e+02 6.29000000e+02 1.78286922e-03 1.76000000e+02]
 [4.45000000e+02 7.07000000e+02 2.57070037e-03 1.77000000e+02]
 [7.79000000e+02 7.95000000e+02 7.72836944e-03 1.78000000e+02]
 [3.77000000e+02 8.75000000e+02 2.71721161e-03 1.79000000e+02]
 [5.43000000e+02 8.76000000e+02 2.94172228e-03 1.80000000e+02]
 [7.17000000e+02 8.79000000e+02 9.51770041e-03 1.81000000e+02]
 [5.57000000e+02 1.09800000e+03 3.56660760e-03 1.82000000e+02]
 [5.56000000e+02 1.10200000e+03 3.55275092e-03 1.83000000e+02]
 [7.91000000e+02 1.15800000e+03 7.88200617e-01 1.84000000e+02]
 [1.02400000e+03 1.20200000e+03 3.54912924e-03 1.85000000e+02]
 [5.59000000e+02 1.28700000e+03 1.81429682e-03 1.86000000e+02]
 [5.60000000e+02 1.28800000e+03 1.80205458e-03 1.87000000e+02]
 [5.61000000e+02 1.29000000e+03 1.78935379e-03 1.88000000e+02]
 [8.19000000e+02 1.43900000e+03 3.41056124e-03 1.89000000e+02]
 [8.63000000e+02 4.59000000e+02 4.89269244e-03 1.90000000e+02]
 [6.20000000e+02 5.00000000e+02 8.54881108e-01 1.91000000e+02]
 [3.92000000e+02 5.08000000e+02 7.27106771e-03 1.92000000e+02]
 [5.39000000e+02 7.92000000e+02 6.30066218e-03 1.93000000e+02]
 [7.89000000e+02 9.54000000e+02 1.01369608e-03 1.94000000e+02]
 [4.56000000e+02 1.21000000e+03 9.54238698e-03 1.95000000e+02]
 [8.12000000e+02 1.28300000e+03 1.05324190e-03 1.96000000e+02]
 [3.79000000e+02 4.68000000e+02 1.14037888e-03 1.97000000e+02]
 [6.51000000e+02 4.99000000e+02 8.56504321e-01 1.98000000e+02]
 [3.64000000e+02 6.43000000e+02 1.23742328e-03 1.99000000e+02]
 [7.76000000e+02 7.90000000e+02 1.92987383e-03 2.00000000e+02]
 [4.38000000e+02 9.17000000e+02 1.15888752e-03 2.01000000e+02]
 [1.40000000e+01 1.72000000e+02 1.05806475e-03 2.02000000e+02]
 [8.71000000e+02 4.55000000e+02 1.14174769e-03 2.03000000e+02]
 [5.85000000e+02 5.02000000e+02 6.41063929e-01 2.04000000e+02]
 [9.57000000e+02 6.35000000e+02 1.04173622e-03 2.05000000e+02]
 [7.79000000e+02 6.97000000e+02 4.00780234e-03 2.06000000e+02]
 [7.12000000e+02 9.62000000e+02 3.43781570e-03 2.07000000e+02]
 [7.92000000e+02 1.11000000e+03 1.91927783e-03 2.08000000e+02]
 [5.44000000e+02 1.21100000e+03 3.26410658e-03 2.09000000e+02]
 [6.74000000e+02 4.92000000e+02 5.74141383e-01 2.10000000e+02]
 [3.75000000e+02 5.13000000e+02 1.71660178e-03 2.11000000e+02]
 [5.37000000e+02 7.76000000e+02 1.70674466e-03 2.12000000e+02]
 [5.38000000e+02 7.77000000e+02 1.70606817e-03 2.13000000e+02]
 [5.39000000e+02 7.78000000e+02 1.70684315e-03 2.14000000e+02]
 [5.40000000e+02 7.79000000e+02 1.70912803e-03 2.15000000e+02]
 [5.46000000e+02 7.82000000e+02 1.72105024e-03 2.16000000e+02]
 [7.80000000e+02 7.82000000e+02 1.18864886e-03 2.17000000e+02]
 [5.47000000e+02 7.83000000e+02 1.72380905e-03 2.18000000e+02]
 [7.36000000e+02 9.92000000e+02 2.12298194e-03 2.19000000e+02]]