[[6.36000000e+02 5.10000000e+02 9.08577859e-01 0.00000000e+00]
 [6.37000000e+02 5.90000000e+02 9.08728659e-01 1.00000000e+00]
 [5.50000000e+02 5.83000000e+02 9.36633945e-01 2.00000000e+00]
 [5.17000000e+02 6.75000000e+02 6.20194614e-01 3.00000000e+00]
 [7.25000000e+02 5.92000000e+02 8.79110992e-01 4.00000000e+00]
 [7.60000000e+02 7.10000000e+02 8.37417960e-01 5.00000000e+00]
 [7.47000000e+02 8.07000000e+02 8.34212899e-01 6.00000000e+00]
 [5.63000000e+02 8.35000000e+02 9.44660068e-01 7.00000000e+00]
 [5.21000000e+02 1.02300000e+03 9.07184362e-01 8.00000000e+00]
 [4.65000000e+02 1.20100000e+03 8.63841891e-01 9.00000000e+00]
 [6.97000000e+02 8.35000000e+02 9.10381317e-01 1.00000000e+01]
 [7.67000000e+02 9.93000000e+02 8.78403008e-01 1.10000000e+01]
 [8.03000000e+02 1.13800000e+03 7.69948006e-01 1.20000000e+01]
 [6.22000000e+02 4.85000000e+02 9.17314053e-01 1.30000000e+01]
 [6.57000000e+02 4.82000000e+02 9.05291915e-01 1.40000000e+01]
 [5.93000000e+02 4.93000000e+02 7.14798152e-01 1.50000000e+01]
 [6.83000000e+02 4.81000000e+02 7.02502429e-01 1.60000000e+01]]