[[6.78000000e+02 5.31000000e+02 8.90817225e-01 0.00000000e+00]
 [6.53000000e+02 5.89000000e+02 9.15644348e-01 1.00000000e+00]
 [5.69000000e+02 5.86000000e+02 9.29828644e-01 2.00000000e+00]
 [6.01000000e+02 7.20000000e+02 8.11349988e-01 3.00000000e+00]
 [6.84000000e+02 6.87000000e+02 5.51822186e-01 4.00000000e+00]
 [7.37000000e+02 5.94000000e+02 9.10057366e-01 5.00000000e+00]
 [7.54000000e+02 7.09000000e+02 8.26249182e-01 6.00000000e+00]
 [7.67000000e+02 7.97000000e+02 8.03363979e-01 7.00000000e+00]
 [5.62000000e+02 8.45000000e+02 9.59757447e-01 8.00000000e+00]
 [5.30000000e+02 1.02600000e+03 8.97623658e-01 9.00000000e+00]
 [4.65000000e+02 1.20100000e+03 8.53939831e-01 1.00000000e+01]
 [6.95000000e+02 8.42000000e+02 9.35042977e-01 1.10000000e+01]
 [7.76000000e+02 1.00100000e+03 8.97030771e-01 1.20000000e+01]
 [8.06000000e+02 1.16900000e+03 7.74746060e-01 1.30000000e+01]
 [6.58000000e+02 5.09000000e+02 8.86023283e-01 1.40000000e+01]
 [6.99000000e+02 5.04000000e+02 8.97156358e-01 1.50000000e+01]
 [6.20000000e+02 5.05000000e+02 8.20075214e-01 1.60000000e+01]]