[[1.40000000e+01 2.18000000e+02 1.06373092e-03 0.00000000e+00]
 [3.75000000e+02 4.82000000e+02 1.65860902e-03 1.00000000e+00]
 [6.80000000e+02 4.97000000e+02 8.47605050e-01 2.00000000e+00]
 [9.49000000e+02 5.38000000e+02 1.72951282e-03 3.00000000e+00]
 [9.72000000e+02 6.63000000e+02 1.22243748e-03 4.00000000e+00]
 [9.11000000e+02 7.30000000e+02 1.12643733e-03 5.00000000e+00]
 [5.37000000e+02 7.86000000e+02 2.28247093e-03 6.00000000e+00]
 [4.38000000e+02 8.97000000e+02 1.06461893e-03 7.00000000e+00]
 [5.46000000e+02 1.04500000e+03 2.74751591e-03 8.00000000e+00]
 [7.88000000e+02 1.06100000e+03 2.63640564e-03 9.00000000e+00]
 [4.31000000e+02 3.50000000e+02 1.46019191e-03 1.00000000e+01]
 [6.42000000e+02 5.73000000e+02 9.16851401e-01 1.10000000e+01]
 [8.52000000e+02 5.75000000e+02 1.20676644e-02 1.20000000e+01]
 [6.22000000e+02 8.75000000e+02 2.24706158e-03 1.30000000e+01]
 [7.06000000e+02 9.60000000e+02 1.52120553e-03 1.40000000e+01]
 [5.38000000e+02 9.67000000e+02 2.28701206e-03 1.50000000e+01]
 [7.89000000e+02 1.40000000e+01 1.90408283e-03 1.60000000e+01]
 [9.51000000e+02 5.47000000e+02 3.35672405e-03 1.70000000e+01]
 [8.68000000e+02 5.69000000e+02 2.21976242e-03 1.80000000e+01]
 [5.62000000e+02 5.72000000e+02 9.31228578e-01 1.90000000e+01]
 [9.56000000e+02 7.04000000e+02 2.18253140e-03 2.00000000e+01]
 [3.61000000e+02 8.33000000e+02 1.66273443e-03 2.10000000e+01]
 [3.62000000e+02 8.34000000e+02 1.66373840e-03 2.20000000e+01]
 [3.68000000e+02 8.46000000e+02 1.63861352e-03 2.30000000e+01]
 [4.29000000e+02 8.77000000e+02 2.26034899e-03 2.40000000e+01]
 [5.28000000e+02 9.60000000e+02 2.05580727e-03 2.50000000e+01]
 [7.35000000e+02 9.72000000e+02 2.97887670e-03 2.60000000e+01]
 [4.51000000e+02 3.74000000e+02 1.17227598e-03 2.70000000e+01]
 [6.23000000e+02 3.75000000e+02 1.02869526e-03 2.80000000e+01]
 [7.87000000e+02 6.25000000e+02 4.84701339e-03 2.90000000e+01]
 [8.59000000e+02 6.47000000e+02 1.77134946e-03 3.00000000e+01]
 [5.05000000e+02 6.93000000e+02 8.44659567e-01 3.10000000e+01]
 [8.85000000e+02 7.09000000e+02 2.16788403e-03 3.20000000e+01]
 [8.55000000e+02 7.81000000e+02 1.73120212e-03 3.30000000e+01]
 [8.54000000e+02 7.82000000e+02 1.73271156e-03 3.40000000e+01]
 [8.53000000e+02 7.83000000e+02 1.73287711e-03 3.50000000e+01]
 [8.52000000e+02 7.84000000e+02 1.73171808e-03 3.60000000e+01]
 [7.72000000e+02 7.91000000e+02 6.71942253e-03 3.70000000e+01]
 [7.71000000e+02 7.92000000e+02 6.72420440e-03 3.80000000e+01]
 [8.72000000e+02 1.14600000e+03 1.44597481e-03 3.90000000e+01]
 [6.21000000e+02 1.21000000e+03 1.19338394e-03 4.00000000e+01]
 [1.40000000e+01 1.40000000e+01 1.91761949e-03 4.10000000e+01]
 [4.55000000e+02 3.77000000e+02 1.26480742e-03 4.20000000e+01]
 [6.25000000e+02 3.82000000e+02 3.96543834e-03 4.30000000e+01]
 [5.60000000e+02 7.27000000e+02 5.52752137e-01 4.40000000e+01]
 [3.01000000e+02 7.33000000e+02 4.49054781e-03 4.50000000e+01]
 [3.13000000e+02 8.33000000e+02 3.11786449e-03 4.60000000e+01]
 [5.48000000e+02 1.04200000e+03 2.46597175e-03 4.70000000e+01]
 [7.98000000e+02 1.13500000e+03 2.47218320e-03 4.80000000e+01]
 [6.22000000e+02 1.13700000e+03 3.33773158e-03 4.90000000e+01]
 [3.59000000e+02 1.19800000e+03 1.45688234e-03 5.00000000e+01]
 [4.08000000e+02 1.38100000e+03 1.54981483e-03 5.10000000e+01]
 [7.89000000e+02 1.40000000e+01 1.94101362e-03 5.20000000e+01]
 [4.57000000e+02 3.77000000e+02 2.14915536e-03 5.30000000e+01]
 [3.72000000e+02 4.98000000e+02 2.39645131e-03 5.40000000e+01]
 [7.18000000e+02 5.73000000e+02 8.94091785e-01 5.50000000e+01]
 [4.64000000e+02 6.20000000e+02 6.02141721e-03 5.60000000e+01]
 [7.91000000e+02 8.71000000e+02 1.25152257e-03 5.70000000e+01]
 [5.34000000e+02 9.59000000e+02 1.18201238e-03 5.80000000e+01]
 [7.88000000e+02 1.01400000e+03 1.89860223e-03 5.90000000e+01]
 [6.25000000e+02 1.19100000e+03 1.22237171e-03 6.00000000e+01]
 [1.40000000e+01 1.40000000e+01 1.12801767e-03 6.10000000e+01]
 [6.27000000e+02 3.74000000e+02 1.48401794e-03 6.20000000e+01]
 [8.01000000e+02 3.78000000e+02 1.20855717e-03 6.30000000e+01]
 [5.31000000e+02 4.50000000e+02 1.67608773e-03 6.40000000e+01]
 [5.37000000e+02 4.56000000e+02 1.66418008e-03 6.50000000e+01]
 [5.38000000e+02 4.57000000e+02 1.66578288e-03 6.60000000e+01]
 [5.39000000e+02 4.58000000e+02 1.66685728e-03 6.70000000e+01]
 [7.64000000e+02 6.91000000e+02 8.66356850e-01 6.80000000e+01]
 [7.77000000e+02 9.47000000e+02 2.72800284e-03 6.90000000e+01]
 [6.23000000e+02 1.05400000e+03 1.45982578e-03 7.00000000e+01]
 [9.46000000e+02 1.12900000e+03 1.03075162e-03 7.10000000e+01]
 [6.26000000e+02 1.20500000e+03 1.68931752e-03 7.20000000e+01]
 [8.81000000e+02 1.21100000e+03 1.01537269e-03 7.30000000e+01]
 [4.58000000e+02 1.21200000e+03 1.62850891e-03 7.40000000e+01]
 [1.40000000e+01 1.40000000e+01 2.04984541e-03 7.50000000e+01]
 [6.32000000e+02 3.76000000e+02 5.22201555e-03 7.60000000e+01]
 [7.41000000e+02 7.12000000e+02 7.35605836e-01 7.70000000e+01]
 [6.24000000e+02 1.13100000e+03 3.51922167e-03 7.80000000e+01]
 [9.56000000e+02 1.14000000e+03 3.59822856e-03 7.90000000e+01]
 [1.40000000e+01 1.40000000e+01 1.59887888e-03 8.00000000e+01]
 [1.06500000e+03 1.40000000e+01 1.32578332e-03 8.10000000e+01]
 [8.15000000e+02 6.03000000e+02 2.44206632e-03 8.20000000e+01]
 [3.00000000e+02 8.19000000e+02 1.57362991e-03 8.30000000e+01]
 [5.61000000e+02 8.34000000e+02 9.07942712e-01 8.40000000e+01]
 [6.24000000e+02 1.20100000e+03 1.01282622e-03 8.50000000e+01]
 [9.45000000e+02 1.40000000e+01 1.01799460e-03 8.60000000e+01]
 [6.34000000e+02 3.73000000e+02 1.08091242e-03 8.70000000e+01]
 [3.73000000e+02 5.38000000e+02 1.02672563e-03 8.80000000e+01]
 [6.70000000e+02 5.42000000e+02 2.56799744e-03 8.90000000e+01]
 [8.73000000e+02 6.21000000e+02 1.35556539e-03 9.00000000e+01]
 [3.55000000e+02 7.62000000e+02 2.47401977e-03 9.10000000e+01]
 [6.89000000e+02 8.06000000e+02 1.39824988e-03 9.20000000e+01]
 [9.55000000e+02 8.83000000e+02 4.82934434e-03 9.30000000e+01]
 [7.76000000e+02 9.71000000e+02 2.57957820e-03 9.40000000e+01]
 [3.03000000e+02 1.01100000e+03 5.02976915e-03 9.50000000e+01]
 [5.30000000e+02 1.02600000e+03 9.61503923e-01 9.60000000e+01]
 [9.36000000e+02 1.03500000e+03 3.48336110e-03 9.70000000e+01]
 [5.46000000e+02 1.28900000e+03 1.25706079e-03 9.80000000e+01]
 [1.06500000e+03 1.90500000e+03 1.14806287e-03 9.90000000e+01]
 [6.41000000e+02 5.59000000e+02 5.41460840e-03 1.00000000e+02]
 [8.77000000e+02 6.27000000e+02 2.08151480e-03 1.01000000e+02]
 [4.46000000e+02 7.93000000e+02 3.80497705e-03 1.02000000e+02]
 [6.28000000e+02 8.65000000e+02 4.37541911e-03 1.03000000e+02]
 [6.27000000e+02 8.66000000e+02 4.37630201e-03 1.04000000e+02]
 [3.81000000e+02 8.83000000e+02 4.09971830e-03 1.05000000e+02]
 [9.61000000e+02 9.40000000e+02 1.04551238e-03 1.06000000e+02]
 [9.56000000e+02 1.13900000e+03 5.54669043e-03 1.07000000e+02]
 [7.79000000e+02 1.16200000e+03 2.20725592e-02 1.08000000e+02]
 [6.84000000e+02 1.18400000e+03 3.45831476e-02 1.09000000e+02]
 [4.64000000e+02 1.20200000e+03 8.61361206e-01 1.10000000e+02]
 [1.06500000e+03 1.90500000e+03 1.27354125e-03 1.11000000e+02]
 [1.40000000e+01 1.40000000e+01 1.88867294e-03 1.12000000e+02]
 [5.38000000e+02 4.69000000e+02 1.22666289e-03 1.13000000e+02]
 [7.28000000e+02 5.43000000e+02 4.16524988e-03 1.14000000e+02]
 [8.91000000e+02 6.10000000e+02 2.10045790e-03 1.15000000e+02]
 [3.74000000e+02 7.70000000e+02 2.23724777e-03 1.16000000e+02]
 [6.86000000e+02 8.34000000e+02 8.87173593e-01 1.17000000e+02]
 [9.48000000e+02 8.43000000e+02 1.55769289e-03 1.18000000e+02]
 [8.94000000e+02 1.07000000e+03 1.08853530e-03 1.19000000e+02]
 [5.18000000e+02 1.10800000e+03 2.60343659e-03 1.20000000e+02]
 [5.19000000e+02 1.10900000e+03 2.60328618e-03 1.21000000e+02]
 [5.99000000e+02 1.12900000e+03 3.24568758e-03 1.22000000e+02]
 [8.36000000e+02 1.21400000e+03 2.45976076e-03 1.23000000e+02]
 [1.40000000e+01 1.40000000e+01 1.37252209e-03 1.24000000e+02]
 [7.11000000e+02 5.42000000e+02 9.63030756e-03 1.25000000e+02]
 [5.51000000e+02 5.43000000e+02 2.34046741e-03 1.26000000e+02]
 [8.72000000e+02 7.09000000e+02 1.92076399e-03 1.27000000e+02]
 [8.71000000e+02 7.10000000e+02 1.94035657e-03 1.28000000e+02]
 [4.54000000e+02 8.76000000e+02 1.24745222e-03 1.29000000e+02]
 [7.66000000e+02 9.91000000e+02 9.43488419e-01 1.30000000e+02]
 [4.56000000e+02 1.21000000e+03 1.82855548e-03 1.31000000e+02]
 [9.49000000e+02 1.33600000e+03 2.97566759e-03 1.32000000e+02]
 [8.08000000e+02 1.41700000e+03 2.36270879e-03 1.33000000e+02]
 [1.06500000e+03 1.90500000e+03 1.12942001e-03 1.34000000e+02]
 [7.07000000e+02 5.39000000e+02 3.75804841e-03 1.35000000e+02]
 [6.97000000e+02 8.77000000e+02 4.75426251e-03 1.36000000e+02]
 [8.73000000e+02 8.78000000e+02 2.03005411e-03 1.37000000e+02]
 [4.59000000e+02 1.12600000e+03 1.67930033e-03 1.38000000e+02]
 [5.50000000e+02 1.12800000e+03 6.01471122e-03 1.39000000e+02]
 [7.93000000e+02 1.16900000e+03 8.18467259e-01 1.40000000e+02]
 [1.01800000e+03 1.18900000e+03 6.31198147e-03 1.41000000e+02]
 [8.27000000e+02 1.44000000e+03 7.24977069e-03 1.42000000e+02]
 [6.54000000e+02 2.18000000e+02 1.95444236e-03 1.43000000e+02]
 [6.62000000e+02 4.77000000e+02 8.87075186e-01 1.44000000e+02]
 [5.27000000e+02 7.91000000e+02 1.73767540e-03 1.45000000e+02]
 [4.56000000e+02 1.21000000e+03 1.01269605e-02 1.46000000e+02]
 [7.87000000e+02 1.21700000e+03 2.56211217e-03 1.47000000e+02]
 [6.94000000e+02 2.17000000e+02 1.85392005e-03 1.48000000e+02]
 [9.48000000e+02 4.55000000e+02 1.33925979e-03 1.49000000e+02]
 [4.75000000e+02 4.63000000e+02 1.05380090e-02 1.50000000e+02]
 [6.95000000e+02 4.74000000e+02 8.51058543e-01 1.51000000e+02]
 [4.59000000e+02 6.16000000e+02 1.53335102e-03 1.52000000e+02]
 [4.35000000e+02 6.46000000e+02 2.06194702e-03 1.53000000e+02]
 [5.18000000e+02 7.32000000e+02 1.40332943e-03 1.54000000e+02]
 [7.89000000e+02 8.79000000e+02 1.04970939e-03 1.55000000e+02]
 [4.42000000e+02 9.21000000e+02 1.28906663e-03 1.56000000e+02]
 [5.41000000e+02 1.04300000e+03 1.80354319e-03 1.57000000e+02]
 [8.58000000e+02 4.55000000e+02 6.41055312e-03 1.58000000e+02]
 [6.22000000e+02 4.77000000e+02 8.56490612e-01 1.59000000e+02]
 [3.84000000e+02 4.91000000e+02 4.29019099e-03 1.60000000e+02]
 [9.53000000e+02 5.53000000e+02 1.11566705e-03 1.61000000e+02]
 [7.04000000e+02 9.58000000e+02 2.74401461e-03 1.62000000e+02]
 [7.91000000e+02 1.10600000e+03 2.33693002e-03 1.63000000e+02]
 [5.41000000e+02 1.21000000e+03 6.35486189e-03 1.64000000e+02]
 [6.94000000e+02 4.68000000e+02 2.37453863e-01 1.65000000e+02]
 [4.65000000e+02 4.76000000e+02 2.30617402e-03 1.66000000e+02]
 [7.10000000e+02 9.01000000e+02 1.37101172e-03 1.67000000e+02]
 [7.90000000e+02 1.08200000e+03 1.66771468e-03 1.68000000e+02]]