[[1.49000000e+02 4.70000000e+02 9.75385547e-01 0.00000000e+00]
 [2.49000000e+02 4.88000000e+02 9.69222426e-01 1.00000000e+00]
 [1.89000000e+02 5.22000000e+02 9.50127065e-01 2.00000000e+00]
 [2.11000000e+02 6.31000000e+02 1.00243294e+00 3.00000000e+00]
 [8.20000000e+01 6.73000000e+02 7.63910949e-01 4.00000000e+00]
 [0.00000000e+00 6.81000000e+02 5.14563024e-01 5.00000000e+00]
 [3.06000000e+02 4.62000000e+02 9.11032498e-01 6.00000000e+00]
 [4.19000000e+02 5.68000000e+02 9.17956650e-01 7.00000000e+00]
 [3.41000000e+02 6.62000000e+02 1.00666988e+00 8.00000000e+00]
 [3.09000000e+02 6.69000000e+02 8.59508216e-01 9.00000000e+00]
 [2.58000000e+02 8.02000000e+02 9.25079167e-01 1.00000000e+01]
 [2.43000000e+02 9.66000000e+02 9.25300360e-01 1.10000000e+01]
 [4.10000000e+02 6.40000000e+02 8.73752415e-01 1.20000000e+01]
 [4.64000000e+02 8.01000000e+02 9.25550699e-01 1.30000000e+01]
 [5.38000000e+02 9.54000000e+02 9.72045004e-01 1.40000000e+01]
 [1.36000000e+02 4.61000000e+02 6.76280558e-01 1.50000000e+01]
 [1.57000000e+02 4.48000000e+02 9.33861077e-01 1.60000000e+01]
 [2.01000000e+02 4.14000000e+02 8.85914326e-01 1.70000000e+01]]