[[6.79000000e+02 4.71000000e+02 7.49433994e-01 0.00000000e+00]
 [6.50000000e+02 5.64000000e+02 9.36746895e-01 1.00000000e+00]
 [5.67000000e+02 5.51000000e+02 9.32085752e-01 2.00000000e+00]
 [5.89000000e+02 6.46000000e+02 7.73942947e-01 3.00000000e+00]
 [6.61000000e+02 5.25000000e+02 7.38190770e-01 4.00000000e+00]
 [7.27000000e+02 5.70000000e+02 9.15838420e-01 5.00000000e+00]
 [7.74000000e+02 7.01000000e+02 8.64514768e-01 6.00000000e+00]
 [7.57000000e+02 7.79000000e+02 8.10281038e-01 7.00000000e+00]
 [5.66000000e+02 8.35000000e+02 9.71624136e-01 8.00000000e+00]
 [5.29000000e+02 1.03200000e+03 9.27247167e-01 9.00000000e+00]
 [4.65000000e+02 1.20000000e+03 8.33469987e-01 1.00000000e+01]
 [6.94000000e+02 8.45000000e+02 9.36737359e-01 1.10000000e+01]
 [7.77000000e+02 1.01000000e+03 8.97862315e-01 1.20000000e+01]
 [8.09000000e+02 1.16100000e+03 6.81404710e-01 1.30000000e+01]
 [6.66000000e+02 4.60000000e+02 7.43977010e-01 1.40000000e+01]
 [6.90000000e+02 4.62000000e+02 7.08788693e-01 1.50000000e+01]
 [6.27000000e+02 4.58000000e+02 6.94870532e-01 1.60000000e+01]]