[[1.40000000e+01 1.75000000e+02 1.13712333e-03 0.00000000e+00]
 [6.90000000e+02 3.10000000e+02 1.25784017e-02 1.00000000e+00]
 [3.75000000e+02 4.79000000e+02 1.61576213e-03 2.00000000e+00]
 [6.83000000e+02 5.30000000e+02 7.95310020e-01 3.00000000e+00]
 [9.47000000e+02 5.42000000e+02 2.15688744e-03 4.00000000e+00]
 [9.54000000e+02 6.26000000e+02 1.57684390e-03 5.00000000e+00]
 [9.56000000e+02 6.48000000e+02 1.53157127e-03 6.00000000e+00]
 [9.07000000e+02 7.33000000e+02 1.51517638e-03 7.00000000e+00]
 [5.54000000e+02 7.89000000e+02 1.81934924e-03 8.00000000e+00]
 [4.42000000e+02 8.89000000e+02 1.12893817e-03 9.00000000e+00]
 [5.53000000e+02 1.04400000e+03 1.78994273e-03 1.00000000e+01]
 [7.87000000e+02 1.05200000e+03 2.21099611e-03 1.10000000e+01]
 [6.49000000e+02 5.94000000e+02 9.19457734e-01 1.20000000e+01]
 [7.92000000e+02 8.72000000e+02 1.38550682e-03 1.30000000e+01]
 [6.17000000e+02 8.75000000e+02 2.16226955e-03 1.40000000e+01]
 [5.39000000e+02 9.57000000e+02 2.38459371e-03 1.50000000e+01]
 [7.19000000e+02 9.60000000e+02 1.04583020e-03 1.60000000e+01]
 [7.18000000e+02 9.61000000e+02 1.04541145e-03 1.70000000e+01]
 [5.68000000e+02 5.96000000e+02 9.11780477e-01 1.80000000e+01]
 [9.51000000e+02 5.96000000e+02 3.40586575e-03 1.90000000e+01]
 [8.65000000e+02 6.21000000e+02 3.12427501e-03 2.00000000e+01]
 [3.55000000e+02 8.27000000e+02 1.53562217e-03 2.10000000e+01]
 [4.35000000e+02 8.77000000e+02 2.19507678e-03 2.20000000e+01]
 [5.29000000e+02 9.60000000e+02 1.54207449e-03 2.30000000e+01]
 [7.68000000e+02 1.00000000e+03 3.51420697e-03 2.40000000e+01]
 [4.55000000e+02 3.76000000e+02 1.21381355e-03 2.50000000e+01]
 [7.85000000e+02 6.27000000e+02 6.00776728e-03 2.60000000e+01]
 [8.70000000e+02 6.60000000e+02 3.87267885e-03 2.70000000e+01]
 [5.10000000e+02 6.86000000e+02 8.85024309e-01 2.80000000e+01]
 [7.85000000e+02 9.60000000e+02 1.23638182e-03 2.90000000e+01]
 [6.13000000e+02 1.21100000e+03 1.27522752e-03 3.00000000e+01]
 [1.40000000e+01 1.40000000e+01 2.26136274e-03 3.10000000e+01]
 [4.59000000e+02 3.78000000e+02 1.15294731e-03 3.20000000e+01]
 [5.92000000e+02 6.97000000e+02 6.46369159e-01 3.30000000e+01]
 [2.95000000e+02 7.00000000e+02 2.34606047e-03 3.40000000e+01]
 [5.50000000e+02 1.04000000e+03 2.36556283e-03 3.50000000e+01]
 [6.23000000e+02 1.13600000e+03 4.10459330e-03 3.60000000e+01]
 [7.91000000e+02 1.13600000e+03 3.05266306e-03 3.70000000e+01]
 [3.14000000e+02 1.21000000e+03 1.66145514e-03 3.80000000e+01]
 [8.07000000e+02 1.36800000e+03 1.08995347e-03 3.90000000e+01]
 [4.27000000e+02 1.37500000e+03 1.57442421e-03 4.00000000e+01]
 [3.76000000e+02 5.31000000e+02 1.79767585e-03 4.10000000e+01]
 [7.25000000e+02 5.95000000e+02 8.70088995e-01 4.20000000e+01]
 [4.64000000e+02 6.17000000e+02 6.87043043e-03 4.30000000e+01]
 [8.22000000e+02 8.68000000e+02 2.29040580e-03 4.40000000e+01]
 [7.88000000e+02 1.01600000e+03 3.24895233e-03 4.50000000e+01]
 [5.38000000e+02 1.02100000e+03 1.62270863e-03 4.60000000e+01]
 [6.23000000e+02 1.17800000e+03 1.45020452e-03 4.70000000e+01]
 [1.40000000e+01 1.40000000e+01 1.26752292e-03 4.80000000e+01]
 [1.40000000e+01 9.30000000e+01 1.30361528e-03 4.90000000e+01]
 [5.66000000e+02 4.48000000e+02 1.85731938e-03 5.00000000e+01]
 [5.64000000e+02 4.49000000e+02 1.85787526e-03 5.10000000e+01]
 [5.62000000e+02 4.50000000e+02 1.85774197e-03 5.20000000e+01]
 [5.60000000e+02 4.51000000e+02 1.85585185e-03 5.30000000e+01]
 [5.55000000e+02 4.54000000e+02 1.84545771e-03 5.40000000e+01]
 [5.53000000e+02 4.55000000e+02 1.84742338e-03 5.50000000e+01]
 [5.52000000e+02 4.56000000e+02 1.85039756e-03 5.60000000e+01]
 [3.73000000e+02 5.45000000e+02 1.71674311e-03 5.70000000e+01]
 [7.66000000e+02 6.97000000e+02 8.71391714e-01 5.80000000e+01]
 [3.73000000e+02 7.03000000e+02 1.76567794e-03 5.90000000e+01]
 [7.83000000e+02 9.41000000e+02 6.89363806e-03 6.00000000e+01]
 [6.03000000e+02 1.00000000e+03 1.09727366e-03 6.10000000e+01]
 [6.22000000e+02 1.04700000e+03 1.09689473e-03 6.20000000e+01]
 [9.55000000e+02 1.12600000e+03 1.07630389e-03 6.30000000e+01]
 [6.25000000e+02 1.20800000e+03 2.03479966e-03 6.40000000e+01]
 [4.57000000e+02 1.21100000e+03 1.63833401e-03 6.50000000e+01]
 [1.40000000e+01 1.40000000e+01 2.34094914e-03 6.60000000e+01]
 [6.84000000e+02 4.78000000e+02 1.20882671e-02 6.70000000e+01]
 [3.74000000e+02 6.54000000e+02 2.90985685e-03 6.80000000e+01]
 [9.38000000e+02 7.31000000e+02 1.19614108e-02 6.90000000e+01]
 [7.18000000e+02 7.69000000e+02 8.31056654e-01 7.00000000e+01]
 [4.63000000e+02 7.90000000e+02 4.83479770e-03 7.10000000e+01]
 [9.58000000e+02 1.12100000e+03 1.86697580e-03 7.20000000e+01]
 [6.24000000e+02 1.12400000e+03 5.95507957e-03 7.30000000e+01]
 [1.40000000e+01 1.40000000e+01 1.90237584e-03 7.40000000e+01]
 [8.12000000e+02 6.12000000e+02 2.45082146e-03 7.50000000e+01]
 [7.90000000e+02 6.28000000e+02 2.28866958e-03 7.60000000e+01]
 [7.87000000e+02 6.31000000e+02 2.29885289e-03 7.70000000e+01]
 [3.00000000e+02 8.15000000e+02 1.43120182e-03 7.80000000e+01]
 [5.68000000e+02 8.39000000e+02 9.09105420e-01 7.90000000e+01]
 [6.35000000e+02 1.12700000e+03 1.07774930e-03 8.00000000e+01]
 [9.48000000e+02 1.40000000e+01 1.11137307e-03 8.10000000e+01]
 [3.73000000e+02 5.41000000e+02 1.59675768e-03 8.20000000e+01]
 [7.16000000e+02 5.49000000e+02 5.11412695e-03 8.30000000e+01]
 [7.03000000e+02 7.19000000e+02 5.79883438e-03 8.40000000e+01]
 [3.51000000e+02 7.67000000e+02 1.60016294e-03 8.50000000e+01]
 [9.56000000e+02 8.92000000e+02 4.36456595e-03 8.60000000e+01]
 [5.31000000e+02 1.01500000e+03 9.23830330e-01 8.70000000e+01]
 [7.80000000e+02 1.03600000e+03 6.65812613e-03 8.80000000e+01]
 [8.73000000e+02 1.04300000e+03 7.21244095e-03 8.90000000e+01]
 [5.39000000e+02 1.29000000e+03 1.25092827e-03 9.00000000e+01]
 [4.35000000e+02 1.37400000e+03 1.19401375e-03 9.10000000e+01]
 [1.12000000e+02 1.40000000e+01 1.08258380e-03 9.20000000e+01]
 [6.96000000e+02 5.44000000e+02 6.06264826e-03 9.30000000e+01]
 [4.55000000e+02 8.00000000e+02 3.25998547e-03 9.40000000e+01]
 [6.28000000e+02 8.65000000e+02 3.51239811e-03 9.50000000e+01]
 [3.84000000e+02 8.81000000e+02 3.71544459e-03 9.60000000e+01]
 [9.63000000e+02 9.43000000e+02 1.03652920e-03 9.70000000e+01]
 [1.78000000e+02 1.01000000e+03 1.14374957e-03 9.80000000e+01]
 [9.57000000e+02 1.14100000e+03 5.93638886e-03 9.90000000e+01]
 [7.80000000e+02 1.15800000e+03 2.86903847e-02 1.00000000e+02]
 [4.66000000e+02 1.19000000e+03 8.41278374e-01 1.01000000e+02]
 [3.83000000e+02 1.44100000e+03 4.29828418e-03 1.02000000e+02]
 [3.85000000e+02 1.44200000e+03 4.30710195e-03 1.03000000e+02]
 [1.06500000e+03 1.90500000e+03 1.13936677e-03 1.04000000e+02]
 [1.40000000e+01 1.40000000e+01 2.10497947e-03 1.05000000e+02]
 [7.30000000e+02 5.42000000e+02 2.88568786e-03 1.06000000e+02]
 [8.95000000e+02 6.07000000e+02 1.58423488e-03 1.07000000e+02]
 [8.54000000e+02 6.37000000e+02 1.58921769e-03 1.08000000e+02]
 [3.77000000e+02 7.91000000e+02 2.71377852e-03 1.09000000e+02]
 [4.74000000e+02 8.13000000e+02 1.52458688e-02 1.10000000e+02]
 [4.73000000e+02 8.14000000e+02 1.52258016e-02 1.11000000e+02]
 [6.95000000e+02 8.38000000e+02 9.05195057e-01 1.12000000e+02]
 [9.46000000e+02 8.42000000e+02 2.20994256e-03 1.13000000e+02]
 [5.92000000e+02 1.12900000e+03 3.84854944e-03 1.14000000e+02]
 [8.47000000e+02 1.22500000e+03 2.30141776e-03 1.15000000e+02]
 [1.40000000e+01 1.40000000e+01 1.45846838e-03 1.16000000e+02]
 [7.16000000e+02 5.36000000e+02 4.46249451e-03 1.17000000e+02]
 [7.17000000e+02 5.37000000e+02 4.46107099e-03 1.18000000e+02]
 [3.73000000e+02 5.47000000e+02 1.18531904e-03 1.19000000e+02]
 [7.78000000e+02 6.04000000e+02 4.04143054e-03 1.20000000e+02]
 [5.41000000e+02 6.22000000e+02 9.19844490e-03 1.21000000e+02]
 [8.68000000e+02 7.11000000e+02 2.62330892e-03 1.22000000e+02]
 [8.65000000e+02 7.12000000e+02 2.63140420e-03 1.23000000e+02]
 [8.57000000e+02 7.14000000e+02 2.60242005e-03 1.24000000e+02]
 [8.51000000e+02 7.15000000e+02 2.59863306e-03 1.25000000e+02]
 [8.04000000e+02 7.24000000e+02 2.83001526e-03 1.26000000e+02]
 [8.02000000e+02 7.25000000e+02 2.85449042e-03 1.27000000e+02]
 [4.51000000e+02 8.76000000e+02 3.37003730e-03 1.28000000e+02]
 [7.69000000e+02 9.89000000e+02 9.30954635e-01 1.29000000e+02]
 [1.03100000e+03 1.00200000e+03 1.36383739e-03 1.30000000e+02]
 [4.55000000e+02 1.21000000e+03 1.83206960e-03 1.31000000e+02]
 [8.11000000e+02 1.29200000e+03 1.14191766e-03 1.32000000e+02]
 [9.49000000e+02 1.30600000e+03 3.28199426e-03 1.33000000e+02]
 [8.09000000e+02 1.38500000e+03 2.35566730e-03 1.34000000e+02]
 [1.06500000e+03 1.90500000e+03 1.00521406e-03 1.35000000e+02]
 [9.40000000e+01 1.40000000e+01 1.05753483e-03 1.36000000e+02]
 [6.44000000e+02 4.68000000e+02 1.99968368e-03 1.37000000e+02]
 [6.45000000e+02 4.69000000e+02 1.99945341e-03 1.38000000e+02]
 [6.80000000e+02 4.91000000e+02 1.94547302e-03 1.39000000e+02]
 [7.50000000e+02 5.41000000e+02 2.19790055e-03 1.40000000e+02]
 [4.55000000e+02 7.91000000e+02 1.14888570e-03 1.41000000e+02]
 [4.63000000e+02 8.03000000e+02 1.13711879e-03 1.42000000e+02]
 [7.11000000e+02 8.07000000e+02 6.04330236e-03 1.43000000e+02]
 [8.64000000e+02 8.22000000e+02 3.29675619e-03 1.44000000e+02]
 [5.48000000e+02 8.78000000e+02 3.36774718e-03 1.45000000e+02]
 [7.77000000e+02 8.82000000e+02 6.06550556e-03 1.46000000e+02]
 [5.54000000e+02 1.12900000e+03 4.48162528e-03 1.47000000e+02]
 [7.87000000e+02 1.17600000e+03 7.87347376e-01 1.48000000e+02]
 [1.02400000e+03 1.18300000e+03 3.75291682e-03 1.49000000e+02]
 [8.15000000e+02 1.43700000e+03 1.15729794e-02 1.50000000e+02]
 [8.14000000e+02 1.43800000e+03 1.15941251e-02 1.51000000e+02]
 [6.73000000e+02 5.16000000e+02 7.95270920e-01 1.52000000e+02]
 [5.40000000e+02 7.91000000e+02 1.77771039e-03 1.53000000e+02]
 [6.22000000e+02 9.81000000e+02 1.10015122e-03 1.54000000e+02]
 [4.57000000e+02 1.20300000e+03 9.90840886e-03 1.55000000e+02]
 [7.89000000e+02 1.21400000e+03 3.32001573e-03 1.56000000e+02]
 [9.47000000e+02 4.67000000e+02 1.41000783e-03 1.57000000e+02]
 [6.96000000e+02 5.10000000e+02 7.71602690e-01 1.58000000e+02]
 [8.98000000e+02 7.39000000e+02 1.07630878e-03 1.59000000e+02]
 [7.89000000e+02 8.76000000e+02 1.32249773e-03 1.60000000e+02]
 [4.43000000e+02 9.14000000e+02 1.21802965e-03 1.61000000e+02]
 [3.83000000e+02 4.92000000e+02 3.01014213e-03 1.62000000e+02]
 [6.33000000e+02 5.12000000e+02 7.06892371e-01 1.63000000e+02]
 [9.50000000e+02 6.27000000e+02 1.26311381e-03 1.64000000e+02]
 [7.06000000e+02 9.59000000e+02 3.31221614e-03 1.65000000e+02]
 [7.92000000e+02 1.11000000e+03 2.01680139e-03 1.66000000e+02]
 [5.42000000e+02 1.21100000e+03 4.50412137e-03 1.67000000e+02]
 [4.65000000e+02 4.60000000e+02 2.65984097e-03 1.68000000e+02]
 [6.96000000e+02 5.09000000e+02 3.46141338e-01 1.69000000e+02]
 [4.67000000e+02 6.20000000e+02 3.16745834e-03 1.70000000e+02]
 [4.68000000e+02 6.21000000e+02 3.15958029e-03 1.71000000e+02]
 [7.34000000e+02 7.80000000e+02 1.29441568e-03 1.72000000e+02]
 [7.14000000e+02 9.57000000e+02 1.80337555e-03 1.73000000e+02]
 [7.91000000e+02 1.10000000e+03 1.25243247e-03 1.74000000e+02]]