[[3.97000000e+02 3.85000000e+02 9.04134274e-01 0.00000000e+00]
 [4.21000000e+02 4.36000000e+02 9.48327839e-01 1.00000000e+00]
 [3.47000000e+02 4.47000000e+02 9.39060569e-01 2.00000000e+00]
 [3.68000000e+02 5.69000000e+02 9.45555210e-01 3.00000000e+00]
 [4.36000000e+02 4.70000000e+02 8.29199672e-01 4.00000000e+00]
 [4.99000000e+02 4.25000000e+02 9.01194751e-01 5.00000000e+00]
 [5.39000000e+02 5.11000000e+02 9.26251531e-01 6.00000000e+00]
 [5.33000000e+02 5.93000000e+02 1.02629328e+00 7.00000000e+00]
 [3.62000000e+02 6.55000000e+02 8.78480732e-01 8.00000000e+00]
 [3.09000000e+02 8.09000000e+02 9.50776815e-01 9.00000000e+00]
 [2.66000000e+02 9.69000000e+02 9.18463707e-01 1.00000000e+01]
 [4.68000000e+02 6.46000000e+02 8.64211619e-01 1.10000000e+01]
 [5.14000000e+02 7.93000000e+02 9.38568473e-01 1.20000000e+01]
 [5.73000000e+02 9.62000000e+02 9.52898383e-01 1.30000000e+01]
 [3.75000000e+02 3.67000000e+02 9.18746769e-01 1.40000000e+01]
 [4.14000000e+02 3.65000000e+02 9.63704526e-01 1.50000000e+01]
 [3.60000000e+02 3.68000000e+02 3.13512921e-01 1.60000000e+01]
 [4.52000000e+02 3.55000000e+02 1.00036502e+00 1.70000000e+01]]