[[9.46000000e+02 4.77000000e+02 2.61726929e-03 0.00000000e+00]
 [3.74000000e+02 4.81000000e+02 1.83620595e-03 1.00000000e+00]
 [4.77000000e+02 4.85000000e+02 8.82625300e-03 2.00000000e+00]
 [7.02000000e+02 4.85000000e+02 7.31710196e-01 3.00000000e+00]
 [9.44000000e+02 6.04000000e+02 1.70552032e-03 4.00000000e+00]
 [5.49000000e+02 7.87000000e+02 3.53944069e-03 5.00000000e+00]
 [6.95000000e+02 7.90000000e+02 4.11654683e-03 6.00000000e+00]
 [8.60000000e+02 1.04300000e+03 4.00067121e-03 7.00000000e+00]
 [5.50000000e+02 1.04700000e+03 2.27514654e-03 8.00000000e+00]
 [3.72000000e+02 1.13200000e+03 1.45326182e-03 9.00000000e+00]
 [4.47000000e+02 1.20900000e+03 1.81940256e-03 1.00000000e+01]
 [4.30000000e+02 3.48000000e+02 1.29250519e-03 1.10000000e+01]
 [6.28000000e+02 5.85000000e+02 9.26631629e-01 1.20000000e+01]
 [3.81000000e+02 6.03000000e+02 2.53272732e-03 1.30000000e+01]
 [8.54000000e+02 6.26000000e+02 9.35437344e-03 1.40000000e+01]
 [6.22000000e+02 8.73000000e+02 5.99905523e-03 1.50000000e+01]
 [5.37000000e+02 9.61000000e+02 3.21664149e-03 1.60000000e+01]
 [7.89000000e+02 9.82000000e+02 1.11953507e-03 1.70000000e+01]
 [8.49000000e+02 1.40000000e+01 1.25641807e-03 1.80000000e+01]
 [9.47000000e+02 5.46000000e+02 2.05779797e-03 1.90000000e+01]
 [3.02000000e+02 5.50000000e+02 3.73046100e-03 2.00000000e+01]
 [5.44000000e+02 5.83000000e+02 9.47598577e-01 2.10000000e+01]
 [7.71000000e+02 6.13000000e+02 3.08584310e-02 2.20000000e+01]
 [8.83000000e+02 8.03000000e+02 1.17132324e-03 2.30000000e+01]
 [4.53000000e+02 8.73000000e+02 7.29852077e-03 2.40000000e+01]
 [6.24000000e+02 8.75000000e+02 1.73092249e-03 2.50000000e+01]
 [5.13000000e+02 9.55000000e+02 2.73872120e-03 2.60000000e+01]
 [5.32000000e+02 9.69000000e+02 2.77265231e-03 2.70000000e+01]
 [7.87000000e+02 9.91000000e+02 3.07734404e-03 2.80000000e+01]
 [7.86000000e+02 9.92000000e+02 3.07580363e-03 2.90000000e+01]
 [4.56000000e+02 3.77000000e+02 2.34496174e-03 3.00000000e+01]
 [7.91000000e+02 4.80000000e+02 2.60236487e-03 3.10000000e+01]
 [7.87000000e+02 6.20000000e+02 8.82823765e-03 3.20000000e+01]
 [5.18000000e+02 7.09000000e+02 8.35974216e-01 3.30000000e+01]
 [8.98000000e+02 7.68000000e+02 2.25884025e-03 3.40000000e+01]
 [7.89000000e+02 9.60000000e+02 1.82156486e-03 3.50000000e+01]
 [8.73000000e+02 1.13900000e+03 1.66486029e-03 3.60000000e+01]
 [1.40000000e+01 1.40000000e+01 1.21333066e-03 3.70000000e+01]
 [4.59000000e+02 3.95000000e+02 2.05601030e-03 3.80000000e+01]
 [4.72000000e+02 5.51000000e+02 4.03560139e-03 3.90000000e+01]
 [4.74000000e+02 5.52000000e+02 4.03834088e-03 4.00000000e+01]
 [6.19000000e+02 5.52000000e+02 1.78400427e-02 4.10000000e+01]
 [3.42000000e+02 5.94000000e+02 1.38630252e-03 4.20000000e+01]
 [2.91000000e+02 6.52000000e+02 1.77535531e-03 4.30000000e+01]
 [5.94000000e+02 8.02000000e+02 6.56602144e-01 4.40000000e+01]
 [5.80000000e+02 1.02300000e+03 7.68172182e-03 4.50000000e+01]
 [7.91000000e+02 1.16100000e+03 1.71853416e-03 4.60000000e+01]
 [6.20000000e+02 1.20100000e+03 4.20209020e-03 4.70000000e+01]
 [3.56000000e+02 1.20900000e+03 1.63730234e-03 4.80000000e+01]
 [5.32000000e+02 1.37500000e+03 2.05156812e-03 4.90000000e+01]
 [3.93000000e+02 1.38100000e+03 1.55127165e-03 5.00000000e+01]
 [8.43000000e+02 1.40000000e+01 1.32737495e-03 5.10000000e+01]
 [7.16000000e+02 2.93000000e+02 1.16127019e-03 5.20000000e+01]
 [3.77000000e+02 4.66000000e+02 3.01563507e-03 5.30000000e+01]
 [7.14000000e+02 5.87000000e+02 8.85747552e-01 5.40000000e+01]
 [3.83000000e+02 6.22000000e+02 2.13223859e-03 5.50000000e+01]
 [9.71000000e+02 8.35000000e+02 1.25092862e-03 5.60000000e+01]
 [6.22000000e+02 8.76000000e+02 2.60971417e-03 5.70000000e+01]
 [7.87000000e+02 1.02100000e+03 2.82076281e-03 5.80000000e+01]
 [5.37000000e+02 1.02400000e+03 2.56314198e-03 5.90000000e+01]
 [6.30000000e+02 3.79000000e+02 2.86500715e-03 6.00000000e+01]
 [6.32000000e+02 4.72000000e+02 3.78989638e-03 6.10000000e+01]
 [7.48000000e+02 7.07000000e+02 8.82335961e-01 6.20000000e+01]
 [6.00000000e+02 9.94000000e+02 1.64315116e-03 6.30000000e+01]
 [6.23000000e+02 1.04400000e+03 1.56884384e-03 6.40000000e+01]
 [4.56000000e+02 1.21600000e+03 1.43007340e-03 6.50000000e+01]
 [1.40000000e+01 1.40000000e+01 1.47387525e-03 6.60000000e+01]
 [6.30000000e+02 3.84000000e+02 5.29353879e-03 6.70000000e+01]
 [7.06000000e+02 5.50000000e+02 2.97414139e-02 6.80000000e+01]
 [3.72000000e+02 7.91000000e+02 1.19968329e-03 6.90000000e+01]
 [7.27000000e+02 8.15000000e+02 8.88121843e-01 7.00000000e+01]
 [9.47000000e+02 1.02300000e+03 8.88095703e-03 7.10000000e+01]
 [6.40000000e+02 1.12600000e+03 2.37567723e-03 7.20000000e+01]
 [9.61000000e+02 1.28100000e+03 1.47846900e-03 7.30000000e+01]
 [7.05000000e+02 3.81000000e+02 2.08734744e-03 7.40000000e+01]
 [7.77000000e+02 4.86000000e+02 2.12591444e-03 7.50000000e+01]
 [8.58000000e+02 6.78000000e+02 1.09016174e-03 7.60000000e+01]
 [8.59000000e+02 6.79000000e+02 1.09095534e-03 7.70000000e+01]
 [3.00000000e+02 8.22000000e+02 1.87046663e-03 7.80000000e+01]
 [5.52000000e+02 8.60000000e+02 9.80014384e-01 7.90000000e+01]
 [8.79000000e+02 1.12900000e+03 1.40831876e-03 8.00000000e+01]
 [7.88000000e+02 5.10000000e+02 1.98121904e-03 8.10000000e+01]
 [7.05000000e+02 6.28000000e+02 1.28650374e-03 8.20000000e+01]
 [6.42000000e+02 7.18000000e+02 1.68965454e-03 8.30000000e+01]
 [6.44000000e+02 7.19000000e+02 1.68916816e-03 8.40000000e+01]
 [6.50000000e+02 7.22000000e+02 1.67367142e-03 8.50000000e+01]
 [3.55000000e+02 7.68000000e+02 1.59432902e-03 8.60000000e+01]
 [7.34000000e+02 8.03000000e+02 7.58857932e-03 8.70000000e+01]
 [7.00000000e+02 8.17000000e+02 7.82769825e-03 8.80000000e+01]
 [3.13000000e+02 1.00100000e+03 8.54832213e-03 8.90000000e+01]
 [3.12000000e+02 1.00300000e+03 8.59613158e-03 9.00000000e+01]
 [3.11000000e+02 1.01000000e+03 8.65683146e-03 9.10000000e+01]
 [9.56000000e+02 1.01000000e+03 5.26815187e-03 9.20000000e+01]
 [5.19000000e+02 1.03300000e+03 9.00806367e-01 9.30000000e+01]
 [7.73000000e+02 1.12600000e+03 1.37471082e-03 9.40000000e+01]
 [7.72000000e+02 1.12700000e+03 1.38409273e-03 9.50000000e+01]
 [5.45000000e+02 1.27700000e+03 4.56805807e-03 9.60000000e+01]
 [1.06500000e+03 1.90500000e+03 1.22246833e-03 9.70000000e+01]
 [6.42000000e+02 4.79000000e+02 1.92041590e-03 9.80000000e+01]
 [4.55000000e+02 5.42000000e+02 1.48061244e-03 9.90000000e+01]
 [7.69000000e+02 5.43000000e+02 2.93239183e-03 1.00000000e+02]
 [6.21000000e+02 6.57000000e+02 4.74897120e-03 1.01000000e+02]
 [6.20000000e+02 6.58000000e+02 4.74642823e-03 1.02000000e+02]
 [4.60000000e+02 7.49000000e+02 2.90813763e-03 1.03000000e+02]
 [6.55000000e+02 8.10000000e+02 4.01526457e-03 1.04000000e+02]
 [3.87000000e+02 8.81000000e+02 2.87732366e-03 1.05000000e+02]
 [3.86000000e+02 8.82000000e+02 2.87434226e-03 1.06000000e+02]
 [9.55000000e+02 8.86000000e+02 1.26767950e-03 1.07000000e+02]
 [9.54000000e+02 8.87000000e+02 1.26741338e-03 1.08000000e+02]
 [9.50000000e+02 8.94000000e+02 1.26319635e-03 1.09000000e+02]
 [6.14000000e+02 9.67000000e+02 6.77144947e-03 1.10000000e+02]
 [7.05000000e+02 1.05300000e+03 2.52124332e-02 1.11000000e+02]
 [7.87000000e+02 1.12000000e+03 2.10629571e-02 1.12000000e+02]
 [4.60000000e+02 1.20300000e+03 8.57066870e-01 1.13000000e+02]
 [6.91000000e+02 1.20300000e+03 2.51075700e-02 1.14000000e+02]
 [1.06500000e+03 1.21000000e+03 4.62675001e-03 1.15000000e+02]
 [2.22000000e+02 1.25200000e+03 3.41459643e-03 1.16000000e+02]
 [2.23000000e+02 1.25800000e+03 3.42620071e-03 1.17000000e+02]
 [6.97000000e+02 1.35700000e+03 8.48690514e-03 1.18000000e+02]
 [1.06500000e+03 1.90500000e+03 1.34612154e-03 1.19000000e+02]
 [6.32000000e+02 3.87000000e+02 1.45227497e-03 1.20000000e+02]
 [5.49000000e+02 4.67000000e+02 1.53322134e-03 1.21000000e+02]
 [7.77000000e+02 5.05000000e+02 1.75832724e-03 1.22000000e+02]
 [3.75000000e+02 7.87000000e+02 2.99442071e-03 1.23000000e+02]
 [6.82000000e+02 8.59000000e+02 9.29774404e-01 1.24000000e+02]
 [9.48000000e+02 8.64000000e+02 1.76062598e-03 1.25000000e+02]
 [8.99000000e+02 1.07500000e+03 1.23360869e-03 1.26000000e+02]
 [5.87000000e+02 1.12000000e+03 3.11111193e-03 1.27000000e+02]
 [5.62000000e+02 1.19500000e+03 1.03595864e-03 1.28000000e+02]
 [5.82000000e+02 1.20100000e+03 1.06738904e-03 1.29000000e+02]
 [5.85000000e+02 1.20200000e+03 1.06722186e-03 1.30000000e+02]
 [8.54000000e+02 1.22000000e+03 1.43349066e-03 1.31000000e+02]
 [8.64000000e+02 1.34200000e+03 1.13202841e-03 1.32000000e+02]
 [1.40000000e+01 1.40000000e+01 1.32933026e-03 1.33000000e+02]
 [5.56000000e+02 5.39000000e+02 2.71722162e-03 1.34000000e+02]
 [7.16000000e+02 6.04000000e+02 4.26394679e-03 1.35000000e+02]
 [8.43000000e+02 7.12000000e+02 3.47222434e-03 1.36000000e+02]
 [7.67000000e+02 1.00800000e+03 8.88849437e-01 1.37000000e+02]
 [1.03000000e+03 1.03100000e+03 1.94435799e-03 1.38000000e+02]
 [1.06500000e+03 1.14800000e+03 1.02801109e-03 1.39000000e+02]
 [9.44000000e+02 1.37300000e+03 2.85358354e-03 1.40000000e+02]
 [8.21000000e+02 1.40500000e+03 1.59776758e-03 1.41000000e+02]
 [1.06500000e+03 1.90500000e+03 1.21642405e-03 1.42000000e+02]
 [6.44000000e+02 4.71000000e+02 2.97096418e-03 1.43000000e+02]
 [7.58000000e+02 5.85000000e+02 1.03735295e-03 1.44000000e+02]
 [7.80000000e+02 6.12000000e+02 1.09271659e-03 1.45000000e+02]
 [8.69000000e+02 7.18000000e+02 1.80507870e-03 1.46000000e+02]
 [5.33000000e+02 7.94000000e+02 1.78885332e-03 1.47000000e+02]
 [7.75000000e+02 7.97000000e+02 5.39313722e-03 1.48000000e+02]
 [8.40000000e+02 8.95000000e+02 9.10392590e-03 1.49000000e+02]
 [5.54000000e+02 1.11700000e+03 5.06736012e-03 1.50000000e+02]
 [5.53000000e+02 1.11800000e+03 5.07695368e-03 1.51000000e+02]
 [4.59000000e+02 1.12600000e+03 2.12139613e-03 1.52000000e+02]
 [8.18000000e+02 1.14600000e+03 7.15937793e-01 1.53000000e+02]
 [8.11000000e+02 1.44300000e+03 2.71624699e-03 1.54000000e+02]
 [1.06500000e+03 1.90500000e+03 1.07089977e-03 1.55000000e+02]
 [6.84000000e+02 2.18000000e+02 1.99740357e-03 1.56000000e+02]
 [9.48000000e+02 4.56000000e+02 1.30082376e-03 1.57000000e+02]
 [6.93000000e+02 4.71000000e+02 7.65181601e-01 1.58000000e+02]
 [9.01000000e+02 7.31000000e+02 1.05469814e-03 1.59000000e+02]
 [5.40000000e+02 8.76000000e+02 1.09433960e-02 1.60000000e+02]
 [6.16000000e+02 1.04400000e+03 1.04228640e-03 1.61000000e+02]
 [8.72000000e+02 1.12600000e+03 2.56514270e-03 1.62000000e+02]
 [4.56000000e+02 1.21000000e+03 1.11591341e-02 1.63000000e+02]
 [8.19000000e+02 1.29600000e+03 1.40672503e-03 1.64000000e+02]
 [6.95000000e+02 4.71000000e+02 3.32340240e-01 1.65000000e+02]
 [4.60000000e+02 6.11000000e+02 1.35783874e-03 1.66000000e+02]
 [4.59000000e+02 6.16000000e+02 1.36497442e-03 1.67000000e+02]
 [4.45000000e+02 6.39000000e+02 1.38530205e-03 1.68000000e+02]
 [5.29000000e+02 7.50000000e+02 3.07678548e-03 1.69000000e+02]
 [5.30000000e+02 7.51000000e+02 3.07674147e-03 1.70000000e+02]
 [6.93000000e+02 7.90000000e+02 2.58080033e-03 1.71000000e+02]
 [4.45000000e+02 9.51000000e+02 1.64172321e-03 1.72000000e+02]
 [5.46000000e+02 1.04300000e+03 1.19038648e-03 1.73000000e+02]
 [6.85000000e+02 2.17000000e+02 1.47313799e-03 1.74000000e+02]
 [6.33000000e+02 4.71000000e+02 9.15984869e-01 1.75000000e+02]
 [3.82000000e+02 4.78000000e+02 3.19764623e-03 1.76000000e+02]
 [9.55000000e+02 7.01000000e+02 1.31318998e-03 1.77000000e+02]
 [7.49000000e+02 7.89000000e+02 1.25022267e-03 1.78000000e+02]
 [7.29000000e+02 9.70000000e+02 2.60167429e-03 1.79000000e+02]
 [7.91000000e+02 1.11800000e+03 1.85913860e-03 1.80000000e+02]
 [5.40000000e+02 1.21300000e+03 1.21640810e-03 1.81000000e+02]
 [3.75000000e+02 4.75000000e+02 1.17917301e-03 1.82000000e+02]
 [6.25000000e+02 4.90000000e+02 6.99046403e-02 1.83000000e+02]
 [7.53000000e+02 9.84000000e+02 1.58888660e-03 1.84000000e+02]
 [7.96000000e+02 1.08500000e+03 1.24710833e-03 1.85000000e+02]]