[[6.52000000e+02 3.11000000e+02 9.61846672e-03 0.00000000e+00]
 [3.75000000e+02 5.05000000e+02 1.67588226e-03 1.00000000e+00]
 [6.64000000e+02 5.37000000e+02 8.11611354e-01 2.00000000e+00]
 [1.07900000e+03 6.27000000e+02 1.39332435e-03 3.00000000e+00]
 [9.65000000e+02 6.33000000e+02 3.33872414e-03 4.00000000e+00]
 [9.03000000e+02 7.33000000e+02 1.07976911e-03 5.00000000e+00]
 [5.57000000e+02 7.91000000e+02 3.02347215e-03 6.00000000e+00]
 [7.78000000e+02 7.91000000e+02 2.90754950e-03 7.00000000e+00]
 [7.79000000e+02 7.92000000e+02 2.88682408e-03 8.00000000e+00]
 [1.06500000e+03 7.93000000e+02 3.51991667e-03 9.00000000e+00]
 [4.46000000e+02 8.97000000e+02 1.54876115e-03 1.00000000e+01]
 [5.90000000e+02 1.04400000e+03 1.14718836e-03 1.10000000e+01]
 [7.89000000e+02 1.06600000e+03 2.02725106e-03 1.20000000e+01]
 [7.88000000e+02 1.06700000e+03 2.02676491e-03 1.30000000e+01]
 [4.57000000e+02 1.20500000e+03 1.34775136e-03 1.40000000e+01]
 [9.56000000e+02 5.84000000e+02 1.41963211e-03 1.50000000e+01]
 [6.63000000e+02 5.92000000e+02 8.93399417e-01 1.60000000e+01]
 [8.93000000e+02 8.09000000e+02 1.43252441e-03 1.70000000e+01]
 [7.91000000e+02 9.15000000e+02 2.13921047e-03 1.80000000e+01]
 [5.36000000e+02 9.55000000e+02 2.03682482e-03 1.90000000e+01]
 [8.20000000e+02 1.40000000e+01 1.68025610e-03 2.00000000e+01]
 [9.54000000e+02 5.68000000e+02 5.54003799e-03 2.10000000e+01]
 [5.74000000e+02 5.85000000e+02 8.89323890e-01 2.20000000e+01]
 [8.64000000e+02 6.25000000e+02 5.52688260e-03 2.30000000e+01]
 [3.82000000e+02 7.88000000e+02 1.03390717e-03 2.40000000e+01]
 [8.81000000e+02 7.93000000e+02 2.29004025e-03 2.50000000e+01]
 [3.59000000e+02 8.29000000e+02 1.33784465e-03 2.60000000e+01]
 [4.36000000e+02 8.93000000e+02 2.34343344e-03 2.70000000e+01]
 [5.20000000e+02 9.59000000e+02 2.28135264e-03 2.80000000e+01]
 [7.91000000e+02 9.60000000e+02 2.86108628e-03 2.90000000e+01]
 [1.07900000e+03 6.27000000e+02 2.38208659e-03 3.00000000e+01]
 [7.83000000e+02 6.35000000e+02 7.35155540e-03 3.10000000e+01]
 [9.45000000e+02 6.96000000e+02 7.60406815e-03 3.20000000e+01]
 [5.26000000e+02 6.98000000e+02 8.96237373e-01 3.30000000e+01]
 [8.73000000e+02 7.72000000e+02 5.40450215e-03 3.40000000e+01]
 [8.72000000e+02 7.73000000e+02 5.41667081e-03 3.50000000e+01]
 [1.07900000e+03 7.91000000e+02 2.06947932e-03 3.60000000e+01]
 [8.07000000e+02 9.65000000e+02 1.46127085e-03 3.70000000e+01]
 [7.05000000e+02 1.04400000e+03 1.12473767e-03 3.80000000e+01]
 [8.42000000e+02 1.22200000e+03 1.26614561e-03 3.90000000e+01]
 [1.40000000e+01 1.40000000e+01 1.17544481e-03 4.00000000e+01]
 [1.06500000e+03 6.38000000e+02 4.34257602e-03 4.10000000e+01]
 [2.97000000e+02 7.11000000e+02 1.80218113e-03 4.20000000e+01]
 [5.84000000e+02 7.72000000e+02 7.05397248e-01 4.30000000e+01]
 [8.68000000e+02 7.93000000e+02 3.40185943e-03 4.40000000e+01]
 [9.52000000e+02 7.96000000e+02 4.46137832e-03 4.50000000e+01]
 [3.49000000e+02 9.98000000e+02 1.32912653e-03 4.60000000e+01]
 [5.92000000e+02 1.03800000e+03 3.96384485e-03 4.70000000e+01]
 [5.89000000e+02 1.03900000e+03 3.98283731e-03 4.80000000e+01]
 [3.73000000e+02 1.04000000e+03 1.38037326e-03 4.90000000e+01]
 [6.22000000e+02 1.12600000e+03 1.98377459e-03 5.00000000e+01]
 [7.98000000e+02 1.15000000e+03 1.61288760e-03 5.10000000e+01]
 [6.20000000e+02 1.18800000e+03 1.89735065e-03 5.20000000e+01]
 [3.32000000e+02 1.20000000e+03 1.06350414e-03 5.30000000e+01]
 [8.44000000e+02 1.23300000e+03 1.59314880e-03 5.40000000e+01]
 [4.25000000e+02 1.37700000e+03 1.35091064e-03 5.50000000e+01]
 [4.99000000e+02 1.37700000e+03 1.39444752e-03 5.60000000e+01]
 [8.20000000e+02 1.40000000e+01 1.74185960e-03 5.70000000e+01]
 [7.56000000e+02 6.00000000e+02 8.56717229e-01 5.80000000e+01]
 [4.58000000e+02 6.17000000e+02 8.53412598e-03 5.90000000e+01]
 [9.76000000e+02 8.18000000e+02 2.44136853e-03 6.00000000e+01]
 [8.90000000e+02 8.78000000e+02 1.64063461e-03 6.10000000e+01]
 [4.59000000e+02 9.08000000e+02 1.41104963e-03 6.20000000e+01]
 [4.60000000e+02 9.09000000e+02 1.41039887e-03 6.30000000e+01]
 [4.61000000e+02 9.10000000e+02 1.40973332e-03 6.40000000e+01]
 [4.62000000e+02 9.11000000e+02 1.40946649e-03 6.50000000e+01]
 [8.09000000e+02 9.60000000e+02 1.47657504e-03 6.60000000e+01]
 [8.65000000e+02 1.02300000e+03 1.20886508e-03 6.70000000e+01]
 [5.39000000e+02 1.02400000e+03 2.98164273e-03 6.80000000e+01]
 [8.66000000e+02 1.02400000e+03 1.20814540e-03 6.90000000e+01]
 [8.37000000e+02 4.76000000e+02 5.08996751e-03 7.00000000e+01]
 [8.40000000e+02 4.77000000e+02 5.08794375e-03 7.10000000e+01]
 [3.72000000e+02 5.25000000e+02 2.18225736e-03 7.20000000e+01]
 [7.89000000e+02 7.01000000e+02 8.74347746e-01 7.30000000e+01]
 [5.49000000e+02 7.20000000e+02 2.48416560e-03 7.40000000e+01]
 [1.02600000e+03 7.63000000e+02 4.96955402e-03 7.50000000e+01]
 [6.13000000e+02 9.91000000e+02 3.21439444e-03 7.60000000e+01]
 [8.97000000e+02 1.03900000e+03 1.43292977e-03 7.70000000e+01]
 [4.57000000e+02 1.21100000e+03 1.61066814e-03 7.80000000e+01]
 [6.22000000e+02 1.21500000e+03 1.13179919e-03 7.90000000e+01]
 [1.40000000e+01 1.40000000e+01 1.40408962e-03 8.00000000e+01]
 [6.64000000e+02 5.57000000e+02 1.46561628e-02 8.10000000e+01]
 [4.57000000e+02 6.06000000e+02 1.82991789e-03 8.20000000e+01]
 [1.06500000e+03 6.28000000e+02 2.36185780e-03 8.30000000e+01]
 [1.03400000e+03 6.75000000e+02 2.52798107e-03 8.40000000e+01]
 [1.03300000e+03 6.77000000e+02 2.52339407e-03 8.50000000e+01]
 [3.73000000e+02 7.08000000e+02 2.51418608e-03 8.60000000e+01]
 [5.47000000e+02 7.88000000e+02 7.07938056e-03 8.70000000e+01]
 [4.59000000e+02 7.96000000e+02 2.75325240e-03 8.80000000e+01]
 [7.75000000e+02 8.03000000e+02 1.02438688e+00 8.90000000e+01]
 [7.24000000e+02 1.03200000e+03 6.85906177e-03 9.00000000e+01]
 [9.37000000e+02 1.03500000e+03 9.92871169e-03 9.10000000e+01]
 [6.89000000e+02 1.12400000e+03 2.61080568e-03 9.20000000e+01]
 [6.29000000e+02 1.18800000e+03 1.70981360e-03 9.30000000e+01]
 [6.28000000e+02 1.18900000e+03 1.70953048e-03 9.40000000e+01]
 [9.56000000e+02 1.26500000e+03 4.84724296e-03 9.50000000e+01]
 [8.31000000e+02 6.18000000e+02 2.18021311e-03 9.60000000e+01]
 [8.32000000e+02 6.19000000e+02 2.17869575e-03 9.70000000e+01]
 [2.99000000e+02 8.11000000e+02 1.22587790e-03 9.80000000e+01]
 [5.69000000e+02 8.38000000e+02 9.21776533e-01 9.90000000e+01]
 [4.54000000e+02 1.21000000e+03 1.02846848e-03 1.00000000e+02]
 [7.24000000e+02 5.43000000e+02 4.28584591e-03 1.01000000e+02]
 [3.53000000e+02 7.69000000e+02 1.77379372e-03 1.02000000e+02]
 [9.56000000e+02 8.84000000e+02 7.57526932e-03 1.03000000e+02]
 [1.07900000e+03 9.61000000e+02 1.35446270e-03 1.04000000e+02]
 [5.35000000e+02 1.01800000e+03 9.17626023e-01 1.05000000e+02]
 [3.02000000e+02 1.05700000e+03 3.74142104e-03 1.06000000e+02]
 [7.70000000e+02 1.12400000e+03 1.81804935e-03 1.07000000e+02]
 [7.69000000e+02 1.12500000e+03 1.81208970e-03 1.08000000e+02]
 [7.68000000e+02 1.12700000e+03 1.79818203e-03 1.09000000e+02]
 [5.41000000e+02 1.28600000e+03 2.07640929e-03 1.10000000e+02]
 [6.73000000e+02 5.39000000e+02 4.97739855e-03 1.11000000e+02]
 [8.95000000e+02 7.00000000e+02 1.39081315e-03 1.12000000e+02]
 [6.20000000e+02 7.31000000e+02 2.37168791e-03 1.13000000e+02]
 [6.21000000e+02 7.32000000e+02 2.37151119e-03 1.14000000e+02]
 [7.77000000e+02 7.93000000e+02 3.15306336e-03 1.15000000e+02]
 [4.55000000e+02 8.00000000e+02 3.48068425e-03 1.16000000e+02]
 [9.58000000e+02 8.73000000e+02 1.66783819e-03 1.17000000e+02]
 [4.13000000e+02 8.78000000e+02 3.84801929e-03 1.18000000e+02]
 [9.54000000e+02 1.16700000e+03 4.49546333e-03 1.19000000e+02]
 [7.80000000e+02 1.16800000e+03 1.70267876e-02 1.20000000e+02]
 [4.66000000e+02 1.19000000e+03 8.48156214e-01 1.21000000e+02]
 [1.06500000e+03 1.90500000e+03 1.05568476e-03 1.22000000e+02]
 [7.64000000e+02 5.34000000e+02 1.72064221e-03 1.23000000e+02]
 [7.65000000e+02 5.35000000e+02 1.71609502e-03 1.24000000e+02]
 [4.69000000e+02 8.15000000e+02 9.59257409e-03 1.25000000e+02]
 [7.04000000e+02 8.41000000e+02 8.94431949e-01 1.26000000e+02]
 [9.43000000e+02 8.44000000e+02 4.80643939e-03 1.27000000e+02]
 [3.78000000e+02 8.53000000e+02 1.57109369e-03 1.28000000e+02]
 [8.94000000e+02 1.06200000e+03 2.34583346e-03 1.29000000e+02]
 [5.53000000e+02 1.12400000e+03 3.52170970e-03 1.30000000e+02]
 [8.71000000e+02 1.25000000e+03 2.06111721e-03 1.31000000e+02]
 [8.70000000e+02 1.25100000e+03 2.06089695e-03 1.32000000e+02]
 [1.40000000e+01 1.40000000e+01 1.07135461e-03 1.33000000e+02]
 [7.49000000e+02 5.40000000e+02 3.95162590e-03 1.34000000e+02]
 [5.39000000e+02 6.03000000e+02 1.93419761e-03 1.35000000e+02]
 [4.55000000e+02 8.76000000e+02 1.09071203e-03 1.36000000e+02]
 [7.93000000e+02 1.00700000e+03 8.91589999e-01 1.37000000e+02]
 [5.53000000e+02 1.03900000e+03 3.61935934e-03 1.38000000e+02]
 [7.99000000e+02 1.28800000e+03 2.66232761e-03 1.39000000e+02]
 [9.25000000e+02 1.29300000e+03 1.47639494e-03 1.40000000e+02]
 [9.05000000e+02 1.45300000e+03 2.22741556e-03 1.41000000e+02]
 [7.19000000e+02 5.36000000e+02 2.95170117e-03 1.42000000e+02]
 [4.56000000e+02 6.25000000e+02 1.01415184e-03 1.43000000e+02]
 [7.81000000e+02 7.92000000e+02 5.77976974e-03 1.44000000e+02]
 [7.03000000e+02 8.81000000e+02 5.85894752e-03 1.45000000e+02]
 [8.74000000e+02 8.85000000e+02 3.95978102e-03 1.46000000e+02]
 [4.67000000e+02 1.12500000e+03 2.62250588e-03 1.47000000e+02]
 [5.53000000e+02 1.12700000e+03 9.63651855e-03 1.48000000e+02]
 [8.02000000e+02 1.19800000e+03 7.03163505e-01 1.49000000e+02]
 [5.51000000e+02 1.28600000e+03 1.45448942e-03 1.50000000e+02]
 [3.79000000e+02 5.16000000e+02 1.31884532e-03 1.51000000e+02]
 [6.51000000e+02 5.17000000e+02 7.64460444e-01 1.52000000e+02]
 [1.07900000e+03 6.17000000e+02 1.06682256e-03 1.53000000e+02]
 [9.65000000e+02 6.32000000e+02 2.43713427e-03 1.54000000e+02]
 [4.38000000e+02 7.61000000e+02 1.15920848e-03 1.55000000e+02]
 [4.39000000e+02 7.63000000e+02 1.15582335e-03 1.56000000e+02]
 [4.85000000e+02 7.90000000e+02 1.48748106e-03 1.57000000e+02]
 [1.06500000e+03 7.92000000e+02 2.41706986e-03 1.58000000e+02]
 [8.14000000e+02 8.11000000e+02 1.67217501e-03 1.59000000e+02]
 [7.88000000e+02 8.67000000e+02 1.56032585e-03 1.60000000e+02]
 [7.87000000e+02 8.68000000e+02 1.56008371e-03 1.61000000e+02]
 [7.86000000e+02 8.69000000e+02 1.55941746e-03 1.62000000e+02]
 [6.22000000e+02 9.72000000e+02 1.28511211e-03 1.63000000e+02]
 [4.55000000e+02 1.20300000e+03 1.36773298e-02 1.64000000e+02]
 [7.89000000e+02 1.21000000e+03 2.92682997e-03 1.65000000e+02]
 [9.45000000e+02 5.01000000e+02 1.87315675e-03 1.66000000e+02]
 [6.87000000e+02 5.19000000e+02 8.01556170e-01 1.67000000e+02]
 [1.07900000e+03 5.74000000e+02 1.20574411e-03 1.68000000e+02]
 [9.56000000e+02 6.26000000e+02 3.46797588e-03 1.69000000e+02]
 [6.97000000e+02 7.88000000e+02 2.27074279e-03 1.70000000e+02]
 [1.06500000e+03 7.93000000e+02 2.99997162e-03 1.71000000e+02]
 [6.15000000e+02 7.96000000e+02 1.72058237e-03 1.72000000e+02]
 [6.02000000e+02 8.01000000e+02 1.78929651e-03 1.73000000e+02]
 [7.89000000e+02 8.73000000e+02 1.51425949e-03 1.74000000e+02]
 [4.53000000e+02 8.97000000e+02 1.90101296e-03 1.75000000e+02]
 [8.54000000e+02 4.61000000e+02 4.86410968e-03 1.76000000e+02]
 [3.85000000e+02 5.07000000e+02 3.05036944e-03 1.77000000e+02]
 [6.33000000e+02 5.08000000e+02 4.72709894e-01 1.78000000e+02]
 [8.63000000e+02 5.97000000e+02 2.19301530e-03 1.79000000e+02]
 [1.06500000e+03 6.47000000e+02 1.07603322e-03 1.80000000e+02]
 [1.06500000e+03 7.89000000e+02 1.77964102e-03 1.81000000e+02]
 [7.33000000e+02 9.61000000e+02 3.05032358e-03 1.82000000e+02]
 [7.94000000e+02 1.10900000e+03 1.91097637e-03 1.83000000e+02]
 [5.39000000e+02 1.21000000e+03 6.59196079e-03 1.84000000e+02]
 [4.65000000e+02 4.73000000e+02 3.58115928e-03 1.85000000e+02]
 [7.12000000e+02 5.06000000e+02 6.75168395e-01 1.86000000e+02]
 [9.37000000e+02 5.21000000e+02 5.11244079e-03 1.87000000e+02]
 [4.64000000e+02 5.97000000e+02 2.88759754e-03 1.88000000e+02]
 [8.05000000e+02 7.83000000e+02 1.28480070e-03 1.89000000e+02]
 [1.06500000e+03 7.92000000e+02 1.22495147e-03 1.90000000e+02]
 [7.50000000e+02 9.68000000e+02 1.83015293e-03 1.91000000e+02]]