[[1.40000000e+01 2.67000000e+02 1.62504974e-03 0.00000000e+00]
 [5.70000000e+02 5.21000000e+02 9.33899999e-01 1.00000000e+00]
 [1.40000000e+01 5.32000000e+02 1.19342015e-03 2.00000000e+00]
 [2.92000000e+02 5.49000000e+02 3.92358610e-03 3.00000000e+00]
 [5.16000000e+02 7.87000000e+02 2.75785220e-03 4.00000000e+00]
 [7.24000000e+02 1.04400000e+03 2.65845004e-03 5.00000000e+00]
 [8.64000000e+02 1.04400000e+03 6.99859532e-03 6.00000000e+00]
 [5.50000000e+02 1.04600000e+03 1.76356034e-03 7.00000000e+00]
 [4.54000000e+02 1.21000000e+03 1.16660865e-03 8.00000000e+00]
 [5.97000000e+02 5.85000000e+02 9.07401145e-01 9.00000000e+00]
 [6.20000000e+02 8.75000000e+02 2.62634736e-03 1.00000000e+01]
 [5.38000000e+02 9.62000000e+02 2.44732387e-03 1.10000000e+01]
 [7.17000000e+02 9.62000000e+02 2.01356458e-03 1.20000000e+01]
 [7.88000000e+02 1.03400000e+03 2.15050695e-03 1.30000000e+01]
 [4.57000000e+02 1.24000000e+02 1.22075353e-03 1.40000000e+01]
 [8.40000000e+02 2.04000000e+02 1.14054326e-03 1.50000000e+01]
 [7.89000000e+02 3.75000000e+02 2.38761096e-03 1.60000000e+01]
 [8.72000000e+02 4.59000000e+02 2.15841318e-03 1.70000000e+01]
 [4.98000000e+02 5.97000000e+02 9.02842999e-01 1.80000000e+01]
 [7.85000000e+02 6.20000000e+02 3.59190092e-03 1.90000000e+01]
 [8.75000000e+02 7.52000000e+02 1.23405352e-03 2.00000000e+01]
 [4.47000000e+02 8.61000000e+02 7.59717682e-03 2.10000000e+01]
 [7.37000000e+02 9.70000000e+02 3.80097656e-03 2.20000000e+01]
 [5.35000000e+02 9.73000000e+02 2.91618821e-03 2.30000000e+01]
 [5.36000000e+02 9.74000000e+02 2.91644572e-03 2.40000000e+01]
 [8.64000000e+02 1.12600000e+03 1.33040920e-03 2.50000000e+01]
 [3.75000000e+02 3.83000000e+02 3.06121865e-03 2.60000000e+01]
 [1.07900000e+03 5.86000000e+02 1.20904855e-03 2.70000000e+01]
 [7.79000000e+02 6.25000000e+02 6.58964273e-03 2.80000000e+01]
 [6.97000000e+02 6.37000000e+02 7.43239885e-03 2.90000000e+01]
 [9.56000000e+02 6.43000000e+02 3.70390108e-03 3.00000000e+01]
 [2.20000000e+02 6.87000000e+02 6.35872455e-03 3.10000000e+01]
 [4.54000000e+02 7.11000000e+02 8.13670754e-01 3.20000000e+01]
 [6.96000000e+02 7.85000000e+02 1.00904135e-02 3.30000000e+01]
 [7.75000000e+02 7.94000000e+02 3.39080556e-03 3.40000000e+01]
 [8.72000000e+02 1.13300000e+03 2.17484613e-03 3.50000000e+01]
 [1.40000000e+01 1.40000000e+01 1.49429275e-03 3.60000000e+01]
 [1.40000000e+01 2.09000000e+02 1.20953575e-03 3.70000000e+01]
 [4.70000000e+02 6.54000000e+02 5.31286716e-01 3.80000000e+01]
 [5.39000000e+02 1.03300000e+03 2.97103776e-03 3.90000000e+01]
 [3.82000000e+02 1.04100000e+03 1.09157478e-03 4.00000000e+01]
 [3.20000000e+02 1.04900000e+03 1.14626111e-03 4.10000000e+01]
 [6.20000000e+02 1.13500000e+03 3.94460093e-03 4.20000000e+01]
 [7.97000000e+02 1.18900000e+03 1.87134324e-03 4.30000000e+01]
 [7.96000000e+02 1.19000000e+03 1.87091436e-03 4.40000000e+01]
 [5.51000000e+02 1.20900000e+03 4.10712883e-03 4.50000000e+01]
 [2.97000000e+02 1.22400000e+03 4.16653045e-03 4.60000000e+01]
 [8.08000000e+02 1.36600000e+03 1.01579493e-03 4.70000000e+01]
 [5.95000000e+02 1.36700000e+03 1.14086689e-03 4.80000000e+01]
 [4.24000000e+02 1.37700000e+03 1.67491450e-03 4.90000000e+01]
 [4.57000000e+02 1.24000000e+02 1.33796083e-03 5.00000000e+01]
 [8.40000000e+02 2.05000000e+02 1.33208127e-03 5.10000000e+01]
 [7.07000000e+02 3.01000000e+02 1.95277971e-03 5.20000000e+01]
 [9.44000000e+02 5.52000000e+02 3.60567146e-03 5.30000000e+01]
 [6.93000000e+02 5.63000000e+02 9.09879923e-01 5.40000000e+01]
 [3.77000000e+02 6.14000000e+02 5.25948172e-03 5.50000000e+01]
 [8.97000000e+02 8.14000000e+02 1.41245127e-03 5.60000000e+01]
 [7.72000000e+02 1.01200000e+03 3.82966734e-03 5.70000000e+01]
 [5.37000000e+02 1.02700000e+03 3.08555970e-03 5.80000000e+01]
 [6.24000000e+02 1.16900000e+03 1.38565386e-03 5.90000000e+01]
 [7.97000000e+02 1.22000000e+03 1.06419181e-03 6.00000000e+01]
 [1.40000000e+01 1.29000000e+02 1.47149386e-03 6.10000000e+01]
 [1.02900000e+03 6.63000000e+02 2.19141808e-03 6.20000000e+01]
 [7.79000000e+02 6.76000000e+02 9.38583255e-01 6.30000000e+01]
 [5.52000000e+02 7.03000000e+02 2.23320778e-02 6.40000000e+01]
 [4.74000000e+02 7.60000000e+02 1.30899576e-03 6.50000000e+01]
 [3.75000000e+02 7.93000000e+02 3.96620668e-03 6.60000000e+01]
 [7.99000000e+02 9.50000000e+02 2.98053049e-03 6.70000000e+01]
 [6.22000000e+02 1.07400000e+03 1.48691726e-03 6.80000000e+01]
 [8.80000000e+02 1.14700000e+03 1.17154291e-03 6.90000000e+01]
 [6.24000000e+02 1.18700000e+03 1.61426701e-03 7.00000000e+01]
 [4.56000000e+02 1.21200000e+03 1.85338536e-03 7.10000000e+01]
 [1.40000000e+01 1.40000000e+01 2.21488206e-03 7.20000000e+01]
 [1.40000000e+01 2.08000000e+02 1.63405319e-03 7.30000000e+01]
 [5.33000000e+02 4.36000000e+02 4.37214831e-03 7.40000000e+01]
 [8.74000000e+02 4.59000000e+02 1.21348200e-03 7.50000000e+01]
 [5.83000000e+02 4.67000000e+02 3.89844854e-03 7.60000000e+01]
 [6.05000000e+02 4.74000000e+02 3.93049698e-03 7.70000000e+01]
 [3.74000000e+02 5.41000000e+02 1.37167738e-03 7.80000000e+01]
 [3.73000000e+02 5.42000000e+02 1.37296948e-03 7.90000000e+01]
 [3.73000000e+02 7.49000000e+02 3.91378812e-03 8.00000000e+01]
 [7.15000000e+02 7.61000000e+02 9.05979276e-01 8.10000000e+01]
 [4.60000000e+02 7.88000000e+02 2.09356868e-03 8.20000000e+01]
 [4.98000000e+02 9.85000000e+02 1.06364826e-03 8.30000000e+01]
 [9.55000000e+02 1.11700000e+03 3.49918986e-03 8.40000000e+01]
 [6.23000000e+02 1.12600000e+03 7.77791068e-03 8.50000000e+01]
 [1.40000000e+01 1.40000000e+01 2.07061553e-03 8.60000000e+01]
 [4.54000000e+02 4.59000000e+02 1.06864772e-03 8.70000000e+01]
 [6.23000000e+02 5.44000000e+02 2.32454296e-03 8.80000000e+01]
 [7.78000000e+02 6.27000000e+02 3.85770597e-03 8.90000000e+01]
 [7.79000000e+02 8.27000000e+02 1.50989061e-02 9.00000000e+01]
 [3.00000000e+02 8.28000000e+02 3.24716303e-03 9.10000000e+01]
 [5.44000000e+02 8.48000000e+02 9.61051941e-01 9.20000000e+01]
 [7.80000000e+02 9.20000000e+02 1.46828182e-02 9.30000000e+01]
 [6.23000000e+02 1.12700000e+03 1.14181126e-03 9.40000000e+01]
 [8.77000000e+02 1.12800000e+03 1.33905443e-03 9.50000000e+01]
 [6.29000000e+02 5.43000000e+02 4.80542472e-03 9.60000000e+01]
 [7.76000000e+02 5.45000000e+02 1.84954528e-03 9.70000000e+01]
 [1.06500000e+03 5.70000000e+02 1.18048582e-03 9.80000000e+01]
 [5.42000000e+02 7.09000000e+02 4.00837418e-03 9.90000000e+01]
 [3.69000000e+02 7.19000000e+02 3.88868456e-03 1.00000000e+02]
 [3.68000000e+02 7.20000000e+02 3.88583774e-03 1.01000000e+02]
 [6.95000000e+02 8.00000000e+02 4.90457052e-03 1.02000000e+02]
 [7.68000000e+02 9.56000000e+02 2.42177048e-03 1.03000000e+02]
 [9.54000000e+02 1.01000000e+03 3.63187911e-03 1.04000000e+02]
 [5.12000000e+02 1.03000000e+03 8.65903497e-01 1.05000000e+02]
 [2.61000000e+02 1.24000000e+03 1.12954585e-03 1.06000000e+02]
 [5.35000000e+02 1.27700000e+03 5.68965916e-03 1.07000000e+02]
 [4.46000000e+02 1.38000000e+03 1.18415954e-03 1.08000000e+02]
 [1.40000000e+01 1.40000000e+01 2.14816304e-03 1.09000000e+02]
 [6.33000000e+02 5.46000000e+02 3.58654419e-03 1.10000000e+02]
 [7.66000000e+02 5.50000000e+02 2.02421704e-03 1.11000000e+02]
 [7.60000000e+02 5.54000000e+02 2.02101236e-03 1.12000000e+02]
 [7.57000000e+02 5.56000000e+02 2.01747240e-03 1.13000000e+02]
 [6.96000000e+02 6.03000000e+02 2.93556554e-03 1.14000000e+02]
 [2.48000000e+02 6.09000000e+02 1.32343953e-03 1.15000000e+02]
 [2.47000000e+02 6.10000000e+02 1.32328947e-03 1.16000000e+02]
 [2.46000000e+02 6.11000000e+02 1.32315722e-03 1.17000000e+02]
 [4.36000000e+02 8.01000000e+02 3.45288636e-03 1.18000000e+02]
 [7.04000000e+02 8.01000000e+02 4.24441323e-03 1.19000000e+02]
 [6.27000000e+02 8.79000000e+02 5.82777988e-03 1.20000000e+02]
 [3.87000000e+02 8.80000000e+02 4.36325511e-03 1.21000000e+02]
 [9.59000000e+02 9.53000000e+02 1.19052164e-03 1.22000000e+02]
 [6.89000000e+02 1.06400000e+03 3.07280980e-02 1.23000000e+02]
 [6.88000000e+02 1.06500000e+03 3.07292696e-02 1.24000000e+02]
 [9.56000000e+02 1.12700000e+03 4.38917708e-03 1.25000000e+02]
 [4.64000000e+02 1.20000000e+03 8.45385253e-01 1.26000000e+02]
 [2.18000000e+02 1.23300000e+03 2.69049848e-03 1.27000000e+02]
 [2.19000000e+02 1.23900000e+03 2.65303720e-03 1.28000000e+02]
 [5.17000000e+02 1.44000000e+03 6.41984958e-03 1.29000000e+02]
 [5.14000000e+02 1.44100000e+03 6.44465210e-03 1.30000000e+02]
 [1.06500000e+03 1.90500000e+03 1.03653828e-03 1.31000000e+02]
 [1.40000000e+01 1.40000000e+01 2.22198782e-03 1.32000000e+02]
 [6.23000000e+02 5.43000000e+02 3.12978774e-03 1.33000000e+02]
 [8.91000000e+02 6.09000000e+02 2.01960048e-03 1.34000000e+02]
 [3.74000000e+02 7.76000000e+02 5.49457455e-03 1.35000000e+02]
 [6.83000000e+02 8.36000000e+02 9.00691271e-01 1.36000000e+02]
 [5.15000000e+02 1.10500000e+03 3.16723180e-03 1.37000000e+02]
 [5.16000000e+02 1.10600000e+03 3.17039876e-03 1.38000000e+02]
 [5.26000000e+02 1.11300000e+03 3.14942421e-03 1.39000000e+02]
 [6.01000000e+02 1.12500000e+03 3.95923620e-03 1.40000000e+02]
 [8.22000000e+02 1.21100000e+03 2.12185434e-03 1.41000000e+02]
 [1.40000000e+01 1.40000000e+01 2.54656863e-03 1.42000000e+02]
 [1.40000000e+01 2.61000000e+02 2.19564466e-03 1.43000000e+02]
 [6.98000000e+02 6.05000000e+02 5.38230781e-03 1.44000000e+02]
 [5.40000000e+02 6.25000000e+02 2.53355154e-03 1.45000000e+02]
 [8.90000000e+02 6.75000000e+02 1.59017323e-03 1.46000000e+02]
 [8.72000000e+02 7.09000000e+02 1.34527520e-03 1.47000000e+02]
 [8.69000000e+02 7.10000000e+02 1.35535339e-03 1.48000000e+02]
 [8.02000000e+02 7.27000000e+02 2.93202465e-03 1.49000000e+02]
 [4.44000000e+02 8.76000000e+02 6.96337037e-03 1.50000000e+02]
 [7.50000000e+02 9.90000000e+02 9.18840945e-01 1.51000000e+02]
 [9.37000000e+02 1.31800000e+03 2.66452692e-03 1.52000000e+02]
 [8.20000000e+02 1.37700000e+03 2.14437628e-03 1.53000000e+02]
 [1.40000000e+01 1.40000000e+01 3.74464365e-03 1.54000000e+02]
 [1.40000000e+01 2.04000000e+02 1.61791965e-03 1.55000000e+02]
 [1.40000000e+01 2.56000000e+02 1.65259349e-03 1.56000000e+02]
 [3.82000000e+02 4.76000000e+02 1.06188573e-03 1.57000000e+02]
 [3.81000000e+02 4.77000000e+02 1.06187630e-03 1.58000000e+02]
 [5.41000000e+02 5.25000000e+02 3.44656478e-03 1.59000000e+02]
 [7.03000000e+02 5.44000000e+02 3.12610180e-03 1.60000000e+02]
 [4.55000000e+02 6.26000000e+02 1.29021308e-03 1.61000000e+02]
 [5.39000000e+02 7.08000000e+02 1.30335160e-03 1.62000000e+02]
 [3.72000000e+02 7.47000000e+02 1.21132960e-03 1.63000000e+02]
 [7.00000000e+02 7.92000000e+02 1.61444431e-03 1.64000000e+02]
 [5.37000000e+02 8.76000000e+02 3.14544933e-03 1.65000000e+02]
 [7.98000000e+02 8.90000000e+02 5.98094193e-03 1.66000000e+02]
 [5.49000000e+02 1.11300000e+03 2.33532512e-03 1.67000000e+02]
 [7.89000000e+02 1.14500000e+03 8.47257972e-01 1.68000000e+02]
 [1.02500000e+03 1.17900000e+03 3.56952730e-03 1.69000000e+02]
 [8.21000000e+02 1.45000000e+03 1.18917436e-03 1.70000000e+02]
 [7.75000000e+02 4.85000000e+02 9.39534698e-03 1.71000000e+02]
 [5.45000000e+02 4.99000000e+02 9.36870635e-01 1.72000000e+02]
 [3.01000000e+02 5.29000000e+02 4.79447329e-03 1.73000000e+02]
 [5.27000000e+02 7.90000000e+02 2.25227117e-03 1.74000000e+02]
 [7.69000000e+02 8.76000000e+02 1.23545865e-03 1.75000000e+02]
 [4.57000000e+02 1.21000000e+03 1.02631636e-02 1.76000000e+02]
 [7.95000000e+02 1.29400000e+03 1.21395406e-03 1.77000000e+02]
 [8.18000000e+02 2.63000000e+02 1.19801518e-03 1.78000000e+02]
 [8.60000000e+02 4.60000000e+02 2.47566053e-03 1.79000000e+02]
 [5.93000000e+02 4.90000000e+02 9.24122691e-01 1.80000000e+02]
 [2.91000000e+02 5.58000000e+02 2.81543494e-03 1.81000000e+02]
 [3.09000000e+02 6.34000000e+02 1.84523279e-03 1.82000000e+02]
 [3.10000000e+02 6.35000000e+02 1.84634072e-03 1.83000000e+02]
 [6.33000000e+02 7.91000000e+02 1.24835456e-03 1.84000000e+02]
 [7.09000000e+02 8.73000000e+02 1.09012693e-03 1.85000000e+02]
 [4.45000000e+02 9.29000000e+02 1.45581923e-03 1.86000000e+02]
 [8.71000000e+02 1.04100000e+03 1.80981937e-03 1.87000000e+02]
 [1.40000000e+01 2.87000000e+02 1.37622352e-03 1.88000000e+02]
 [5.22000000e+02 5.15000000e+02 6.26105309e-01 1.89000000e+02]
 [1.40000000e+01 5.31000000e+02 1.04393042e-03 1.90000000e+02]
 [7.40000000e+02 7.26000000e+02 2.86013819e-03 1.91000000e+02]
 [7.07000000e+02 9.69000000e+02 3.71205388e-03 1.92000000e+02]
 [8.62000000e+02 4.59000000e+02 2.97422777e-03 1.93000000e+02]
 [3.85000000e+02 4.66000000e+02 5.65056270e-03 1.94000000e+02]
 [6.22000000e+02 4.79000000e+02 8.54388893e-01 1.95000000e+02]
 [2.94000000e+02 5.39000000e+02 1.48852577e-03 1.96000000e+02]
 [2.95000000e+02 5.45000000e+02 1.48311362e-03 1.97000000e+02]
 [2.96000000e+02 5.54000000e+02 1.47869322e-03 1.98000000e+02]
 [2.97000000e+02 5.62000000e+02 1.47881079e-03 1.99000000e+02]
 [2.98000000e+02 5.65000000e+02 1.47901929e-03 2.00000000e+02]
 [3.82000000e+02 6.06000000e+02 4.31927107e-03 2.01000000e+02]
 [7.27000000e+02 1.00300000e+03 2.23519467e-03 2.02000000e+02]]