[[3.80000000e+02 4.17000000e+02 6.39494061e-01 0.00000000e+00]
 [4.01000000e+02 4.53000000e+02 8.99843752e-01 1.00000000e+00]
 [3.14000000e+02 4.54000000e+02 9.52629685e-01 2.00000000e+00]
 [3.42000000e+02 5.78000000e+02 9.54817057e-01 3.00000000e+00]
 [4.03000000e+02 4.84000000e+02 9.75384772e-01 4.00000000e+00]
 [4.76000000e+02 4.47000000e+02 8.82981062e-01 5.00000000e+00]
 [5.24000000e+02 5.32000000e+02 9.50088084e-01 6.00000000e+00]
 [4.78000000e+02 6.18000000e+02 9.66659427e-01 7.00000000e+00]
 [3.26000000e+02 6.82000000e+02 8.51651847e-01 8.00000000e+00]
 [2.76000000e+02 8.28000000e+02 9.07888412e-01 9.00000000e+00]
 [2.48000000e+02 9.75000000e+02 9.29149091e-01 1.00000000e+01]
 [4.27000000e+02 6.70000000e+02 8.23418975e-01 1.10000000e+01]
 [4.83000000e+02 8.12000000e+02 9.40609336e-01 1.20000000e+01]
 [5.40000000e+02 9.64000000e+02 9.44763660e-01 1.30000000e+01]
 [3.70000000e+02 4.03000000e+02 5.64757109e-01 1.40000000e+01]
 [4.01000000e+02 4.01000000e+02 6.35228336e-01 1.50000000e+01]
 [3.56000000e+02 3.86000000e+02 3.10272723e-01 1.60000000e+01]
 [4.29000000e+02 3.80000000e+02 7.50050545e-01 1.70000000e+01]]