[[6.34000000e+02 5.19000000e+02 8.71176660e-01 0.00000000e+00]
 [6.41000000e+02 5.86000000e+02 9.13357615e-01 1.00000000e+00]
 [5.59000000e+02 5.89000000e+02 9.30446506e-01 2.00000000e+00]
 [4.83000000e+02 6.91000000e+02 9.36875701e-01 3.00000000e+00]
 [5.46000000e+02 6.33000000e+02 6.43363476e-01 4.00000000e+00]
 [7.21000000e+02 5.83000000e+02 8.55304837e-01 5.00000000e+00]
 [7.73000000e+02 6.88000000e+02 8.91052663e-01 6.00000000e+00]
 [7.16000000e+02 7.72000000e+02 9.17692423e-01 7.00000000e+00]
 [5.62000000e+02 8.35000000e+02 8.90389502e-01 8.00000000e+00]
 [5.24000000e+02 1.01800000e+03 8.70119750e-01 9.00000000e+00]
 [4.62000000e+02 1.20000000e+03 8.64784300e-01 1.00000000e+01]
 [6.95000000e+02 8.33000000e+02 8.66589665e-01 1.10000000e+01]
 [7.56000000e+02 9.90000000e+02 9.17090476e-01 1.20000000e+01]
 [7.90000000e+02 1.16400000e+03 7.92391717e-01 1.30000000e+01]
 [6.22000000e+02 4.97000000e+02 8.44287574e-01 1.40000000e+01]
 [6.54000000e+02 4.99000000e+02 8.52440774e-01 1.50000000e+01]
 [6.88000000e+02 4.97000000e+02 6.45456374e-01 1.60000000e+01]]